 1024  130    0

  3870
  3870
  3897
  3895
  3839
  3337
  3896
  3897
  3897
  3224
  3795
  3896
  3899
  2828
  3029
  3896
  3896
  3002
  3432
  3899
  3774
  2285
  3427
  3897
  3568
  2896
  3589
  3897
  3763
  2974
  3357
  3710
  3554
  2578
  3078
  3635
  3669
  3541
  3171
  3847
  3895
  3536
  2925
  3151
  3701
  3166
  3078
  3094
  3591
  3410
  3318
  2869
  3207
  3422
  3288
  3286
  3142
  2896
  3102
  3203
  3110
  2939
  3312
  3163
  3367
  3114
  2851
  3436
  3410
  3030
  2796
  3445
  3461
  3011
  2869
  3045
  3368
  3136
  3110
  2843
  3641
  3229
  3013
  3325
  3098
  3156
  2902
  2610
  2878
  3272
  3207
  2458
  3097
  3077
  3171
  2765
  2978
  2465
  2491
  2857
  2956
  2447
  2525
  2694
  3100
  2544
  2133
  2496
  3082
  2005
  2283
  2474
  2803
  2443
  2179
  2539
  2369
  1472
  1739
  2098
  1838
  1908
  1836
  1945
  1923
  1487
  1674
  1628
  1663
  1206
  1258
  1372
  1721
  1227
  1248
  1486
  1634
  1144
  1347
  1096
  1596
  1030
  1174
  1173
  1522
  3895
  1334
  1303
  1167
  1474
  1069
  1340
  1447
   988
  1087
   991
  1152
  1106
  1007
  1239
  1139
   910
   723
   614
   806
   736
   671
   876
   863
   879
   619
   422
   732
   664
   322
   105
   370
   455
   364
   250
   303
   484
   286
   120
   131
   194
   302
   286
   309
   358
   114
    73
   316
   169
    64
    73
    69
    70
   156
   437
   264
   294
     0
     0
     0
    36
    10
   143
   213
   179
   182
     0
    51
   156
     0
    78
     0
    31
   250
  3893
   235
   311
   161
     0
     0
     0
   173
   250
   269
   361
   164
   229
   307
   100
     0
    16
    44
   140
   426
   282
   619
   601
   147
     0
    34
   252
   101
   447
   364
   280
   589
     0
   429
   547
    78
   170
    51
   108
   525
   359
   516
   419
   135
     0
   432
   390
   165
  2608
   165
   140
   312
    36
   458
   530
     1
   101
   212
     0
   205
   190
   125
   289
     0
     0
   292
    27
    62
    73
     0
     0
   188
     0
   217
   528
     0
     0
     0
     0
    86
   148
    68
   123
     0
     0
    31
     0
     0
     0
     0
     0
     0
     0
     0
     0
     0
     0
     0
     0
     0
     0
     0
     0
     0
     0
     0
     0
     0
     0
     0
     0
    32
     0
     0
    25
     0
     0
     0
     0
     0
    43
   146
     0
    20
     0
     0
     0
     0
     0
     0
     0
    31
    61
    51
   168
    10
     0
     0
     0
     0
  3891
     0
     0
     0
     0
    34
     0
    18
     0
     0
     0
     0
     0
     0
     0
     0
     0
     0
    21
    14
    47
    82
   116
    22
     0
     0
     0
     0
     0
     0
    23
   116
   161
   161
   133
    57
     0
     0
    36
     0
     0
    29
    31
    81
   104
   125
   147
   114
     0
    16
   176
     0
     0
     0
    51
     0
   152
    88
    94
   261
     0
    44
     0
     0
     0
     0
     0
   103
   250
   294
   289
   146
     0
   198
    69
     0
   342
     0
     0
   246
     0
   302
   324
    78
     0
     0
   186
     0
   185
   112
     0
   226
    39
   146
    34
   123
     0
     0
     0
   101
   291
   302
   229
   164
     0
   156
   320
     0
    92
    31
     0
   265
     0
   165
   292
     0
     0
    62
   164
   116
    60
    46
     0
    64
     0
    31
   150
     0
     0
     0
     0
     0
    31
     0
     9
     0
     0
    32
     0
     0
     0
     0
     0
     4
     0
     0
     0
     0
     0
     0
     0
     0
     0
     0
     0
     0
     0
     0
     0
     0
     0
     0
     0
     0
     0
     0
     0
     0
     0
     0
    64
     0
     0
     0
     0
     0
     0
     0
     0
     0
     0
     0
     0
     0
     0
     0
     0
     0
     0
     0
     0
     0
     0
     0
     0
     0
     0
     0
     0
     0
     0
     0
     0
     0
     0
     0
     0
     0
     0
     0
     0
     0
     0
     0
     0
     0
     0
     0
     0
     0
     0
     0
     0
     0
     0
     0
     0
     0
     0
     0
     0
     0
     0
     0
     0
     0
    36
   120
    84
   114
     0
     0
    22
     0
     0
     0
     0
    99
   120
   221
   332
   316
     0
     0
    20
     0
   406
   235
     0
   421
   562
   299
   649
   400
    84
     0
     0
    99
   746
   927
   569
   940
   122
   575
   953
   393
   499
    16
   330
   494
   727
  1176
   610
  1394
   263
   633
  1336
   549
  1193
   708
   867
   581
   872
  1316
   822
  1348
   664
   702
  1373
   523
  1219
   685
   685
  1205
   611
  1329
   524
  1340
  1071
   606
  1201
   740
   975
  1079
   521
   858
   749
   940
  1066
   554
   549
   363
   598
   337
   634
   575
  3895
   625
   244
   445
    91
   369
   239
   156
   240
   176
   283
   134
   172
   364
  3893
   209
   269
   186
    26
   199
   218
   125
     0
     0
    57
     0
    43
    86
    49
   140
    36
     9
   332
    64
     0
     0
     0
     0
   304
    51
     0
     0
     0
     0
   127
   162
     0
     0
     0
     0
  3893
   272
  3457
   217
     0
     0
  3895
     0
     0
     0
     0
     0
     0
     5
     0
     0
     0
     0
     0
     0
     0
     0
     0
     0
     0
     0
     0
     0
     0
     0
     0
     0
     0
     0
     0
     0
     0
     0
     0
     0
     0
     0
     0
     0
     0
     0
     0
     0
     0
     0
     0
     0
     0
     0
     0
     0
     0
     0
     0
     0
     0
     0
     0
     0
     0
     0
     0
     0
     0
     0
     0
     0
     0
     0
     0
     0
     0
     0
     0
     0
     0
     0
     0
     0
     0
     0
     0
     0
     0
     0
     0
     0
     0
     0
     0
     0
     0
     0
     0
     0
     0
     0
     0
     0
     0
     0
     0
     0
     0
     0
     0
     0
     0
     0
     0
     0
     0
     0
     0
     0
     0
     0
     0
     0
     0
     0
     0
     0
     0
     0
     0
     0
     0
     0
     0
     0
     0
     0
     0
     0
     0
     0
     0
     0
     0
     0
     0
     0
     0
     0
     0
     0
     0
     0
     0
     0
     0
     0
     0
     0
     0
     0
     0
     0
     0
     0
     0
     0
     0
     0
     0
     0
     0
     0
     0
     0
     0
     0
     0
     0
     0
    49
     0
     0
     0
    36
     0
    31
     0
    39
    13
     0
     0
     0
     9
     0
     0
     0
    83
     0
     0
     0
    26
    29
     0
     0
     0
     0
     3
     3
     0
     0
    44
    60
    51
    29
     0
    92
    70
     0
   590
    73
    66
     0
     0
     0
    78
    60
     0
    20
    51
    82
    18
    16
     0
    99
    73
    31
    38
    31
    86
    55
     0
    31
    53
     0
    34
   101
    99
   109
     0
     0
  3893
     0
     0
    70
     0
     0
    92
    44
     0
     0
     0
     0
     0
     0
     0
    73
     0
     0
     0
     0
     0
     0
     0
     0
     0
     0
     0
     0
     0
     0
     0
     0
     0
     0
     0
     0
     0
