 1024  130    0

  3893
  3895
  3895
  3897
  3761
  3431
  3893
  3896
  3897
  3098
  3734
  3895
  3897
  2840
  3193
  3895
  3896
  2981
  3396
  3899
  3897
  3505
  3893
  3896
  3656
  2830
  3819
  3897
  3893
  3185
  3441
  3893
  3847
  2772
  3120
  3667
  3635
  3333
  3338
  3658
  3895
  3270
  3163
  3371
  3723
  3249
  3137
  3229
  3540
  3000
  3427
  3450
  3279
  3579
  3441
  3368
  3253
  2408
  2985
  2972
  3082
  2464
  3402
  3012
  3406
  3129
  2941
  3171
  3515
  3290
  2891
  3357
  3431
  3198
  2958
  2933
  3457
  3244
  3171
  3453
  3726
  3277
  2610
  3013
  3332
  3036
  2881
  2747
  3163
  2770
  3098
  3242
  3296
  2605
  2994
  2528
  3297
  2317
  2400
  2761
  3111
  2773
  2639
  3249
  3307
  2632
  2067
  2296
  3307
  3897
  2202
  1998
  2902
  2337
  2084
  2562
  2475
  1634
  1751
  2045
  1799
  1836
  1998
  1756
  1908
  1290
  1537
  1869
  1881
  1004
  1217
  1704
  1654
   946
  1169
  1893
  1742
  1275
  1334
  1216
  1750
  1011
  1187
  1477
  1676
  1466
  1316
   985
  1277
  1299
  1360
  1517
  1243
  1154
  1113
  1144
  1101
  1037
  1089
  1123
   981
   753
   768
   348
   786
   723
   711
   864
   877
   801
   577
   540
   840
   382
   283
   312
   447
   337
   295
   359
   334
   373
   177
   325
   250
   157
   291
   156
   251
   100
   105
   384
   328
  3893
    27
   386
    16
   152
   125
   299
   269
   135
     0
    46
   217
     0
   122
    51
    75
   196
    16
   239
   239
     0
    26
  3893
    22
   244
   452
   182
   286
     0
     0
   125
   260
     0
   269
   148
   104
   372
    69
   325
   458
     0
     0
   176
    40
   186
   395
   339
   619
  3895
    25
     0
   322
     4
   312
   239
   127
   286
   481
   143
   542
   523
    47
    78
   114
    57
   482
   468
   468
   514
   177
   165
   373
    40
    31
    73
   208
   380
   442
  1444
   489
    31
     0
   227
   151
   212
   263
  3893
   122
     0
     0
   395
   419
     0
   209
  3895
     0
   364
    95
   207
   176
     0
     0
     0
     0
     0
    98
    43
     0
    88
     0
     0
    87
     0
     0
     0
     0
     0
     0
     0
    10
    25
     0
     0
     0
    81
     0
     0
     0
     0
     0
     0
     0
     0
     0
     0
     0
     0
     8
     0
     0
     0
     0
     0
     0
     0
    64
    99
    18
   270
     8
     0
     0
    99
     0
   101
     0
     0
     0
    57
    81
    78
    32
     0
     0
    12
     0
     0
     0
     0
     0
    31
    73
     0
     0
     0
     0
    61
     0
     0
     0
     0
     0
     1
     0
     0
    61
    36
    86
   134
    57
     0
    38
     0
     0
    26
    18
   146
   104
    51
   120
   122
     0
    88
    69
   120
     0
    20
    36
     5
    66
   143
   126
   112
   125
     0
    91
   177
     0
     0
     0
     0
   104
   153
    70
    73
   114
     0
   182
   222
     0
   161
     0
     0
   117
    82
   257
    31
   143
     0
    84
   312
     0
    57
     0
     0
   300
     0
   281
   344
     0
     0
   216
  3893
    96
   143
     0
     0
   355
     0
   303
   459
     0
   165
     0
   150
   140
   114
   302
   130
   224
     0
    79
   358
     0
     0
    10
    26
   221
  2509
   165
   330
   390
     0
    27
    73
    87
   108
     0
     8
    99
     0
   146
   166
     0
     0
     0
     0
     0
    43
     0
     0
     0
     0
    30
    57
     0
     0
     0
     0
     0
     0
     0
     0
     0
     0
     0
    21
     0
     0
     0
     0
    53
     0
     0
     0
     0
     0
     0
     0
     0
     0
     0
     0
     0
     0
     0
     0
     0
     0
     0
     0
     0
     0
     0
     0
     0
     0
     0
     0
     0
     0
     0
     0
     0
     0
     0
     0
     0
     0
     0
     0
     0
     0
     0
     0
     0
     0
     0
     0
     0
     0
     0
     0
     0
     0
     0
     0
     0
     0
     0
     0
     0
     0
     0
     0
     0
     0
     0
     0
     0
     0
     0
     0
     0
     0
     0
    20
     0
     0
     0
     0
     0
    31
   127
   151
    88
     0
     0
     0
     0
     0
     0
     0
   234
   116
   233
   390
    62
     0
    21
   135
     0
   359
   114
   199
   386
   338
   616
   400
     0
     0
   224
    81
   590
   545
   673
   384
   918
    20
   848
  1184
   280
   949
    46
    68
   831
  1212
  1061
  1022
  1149
   497
  1056
  1154
   428
   862
   482
   428
  1187
  1320
  1330
  1318
  1150
   634
   738
  1227
   681
   719
   603
  1002
  1329
  1496
  1312
  1284
   727
   670
   790
   471
   685
   797
   728
   905
  1049
  3893
  1087
   642
   328
   545
   736
   530
   689
   413
   322
   822
   602
  2081
   554
   396
   231
   250
   348
   136
   337
   174
   127
   153
   247
   148
    78
    49
    82
    81
    57
   198
     0
     0
    99
    69
     9
    20
     0
    31
   211
  3893
    40
    87
    39
     0
     0
     0
     0
     0
    84
     0
    66
   101
    87
     0
     0
     0
     0
     0
    40
   122
   108
    31
   105
     0
     0
    55
    32
     0
     0
     0
     0
     0
     0
   103
     0
     0
     0
     0
     0
     0
     0
     0
     0
     0
     0
     0
     0
     0
     0
     0
     0
     0
     0
     0
     0
     0
     0
     0
     0
     0
     0
     0
     0
     0
     0
     0
     0
     0
     0
     0
     0
     0
     0
     0
     0
     0
     0
     0
     0
     0
     0
     0
     0
     0
     0
     0
     0
     0
     0
     0
     0
     0
     0
     0
     0
     0
     0
     0
     0
     0
     0
     0
     0
     0
     0
     0
     0
     0
     0
     0
     0
     0
     0
     0
     0
     0
     0
     0
     0
     0
     0
     0
     0
     0
     0
     0
     0
     0
     0
     0
     0
     0
     0
     0
     0
     0
     0
     0
     0
     0
     0
     0
     0
     0
     0
     0
     0
     0
     0
     0
     0
     0
     0
     0
     0
     0
     0
     0
     0
     0
     0
     0
     0
     0
     0
     0
     0
     0
     0
     0
     0
     0
     0
     0
     0
     0
     0
     0
     0
     0
     0
     0
     0
     0
     0
     0
     0
     0
     0
     0
     0
     0
     0
     0
     0
     0
     4
     0
     0
     0
     0
     0
     0
     0
     0
    52
     0
     0
   125
     0
     0
    29
     0
    13
     5
     0
     0
   122
     0
     0
    68
   104
    46
     0
     0
     0
    68
     0
     0
    69
     0
    40
    47
     8
     0
     0
   129
    40
     0
     0
    70
    65
    30
    44
     8
   100
    92
     0
     0
    52
    65
    32
    26
     0
   125
    51
    90
    46
    94
    65
     0
     0
   116
   103
   103
    20
   156
    36
   134
    62
     0
     0
    27
   142
    20
     0
     0
    92
    92
     0
     0
     0
    16
     0
     0
     0
    92
    26
     0
     0
     0
     0
     0
     0
     0
     0
     0
     0
     0
     0
     0
     0
     0
     0
     0
     0
     0
     0
