 1024  130    0

  3346
  3891
  3895
  3899
  3693
  2444
  3895
  3895
  3895
  2835
  3743
  3893
  3895
  2729
  3795
  3897
  3895
  3121
  3503
  3896
  3897
  2981
  3390
  3847
  3587
  2824
  3510
  3895
  3893
  2694
  3526
  3454
  3328
  2708
  3078
  2911
  3535
  2881
  3275
  3451
  3763
  3276
  2980
  3360
  3899
  3120
  2996
  3120
  3695
  3332
  3088
  3358
  3368
  2902
  2990
  2978
  3279
  2448
  3244
  3284
  2958
  2501
  3357
  2932
  3368
  3110
  2943
  2974
  3436
  3308
  2892
  3225
  3379
  2898
  2855
  2921
  3496
  3212
  3110
  2738
  3623
  3325
  2951
  3311
  3327
  2764
  2813
  2939
  3088
  2828
  3103
  3194
  3228
  2993
  2982
  2713
  3103
  2630
  2456
  2796
  2844
  2444
  2699
  3089
  3004
  2396
  2592
  2153
  2625
  2205
  2292
  3896
  2636
  2326
  2197
  2100
  2383
  1830
  1641
  1924
  2016
  1457
  1755
  1690
  1955
  1184
  1659
  3895
  2018
   954
  1201
  1715
  1661
  1074
  1196
  1429
  1673
  1132
  1294
   963
  1704
  1106
  1275
  1101
  1577
  1377
  1166
  1030
  1349
  1529
  1121
  1170
  1321
  1079
  1091
  1088
  1139
  1014
   906
  3893
  1294
   728
   698
   770
   998
   547
   666
  3893
   963
   655
   500
   497
   823
   387
   237
   311
   406
   346
   282
   283
   344
   500
   372
   136
   146
  3895
   186
   250
   203
   125
   278
   286
   164
     0
    32
    57
   213
   112
   186
   229
   265
   221
     0
     0
    60
    32
    78
    84
   204
   168
   109
     0
   133
   120
     0
    31
     0
    57
   209
   203
   227
   438
     0
     0
    47
    18
   207
   304
   226
   246
   217
    25
   291
   309
     0
    70
    53
    73
   415
  3700
   697
   478
   112
     0
   218
   170
   239
   344
   131
   455
   520
   384
   499
   399
    78
     0
    40
    73
   341
   406
   559
   438
   370
   247
   114
    60
    36
   153
   312
   291
   455
   321
   447
    66
     0
     0
   112
    99
   250
   385
   209
   328
     0
     0
   248
     0
    47
     0
     0
     1
   250
    40
   174
   112
     0
     0
     0
     0
    82
    92
     0
   104
     0
     0
    87
     0
     0
     0
     0
     0
    16
     0
     0
     0
     0
     0
     0
     0
     0
     0
     0
     0
     0
     0
     0
     0
     0
     0
     0
     0
     0
    68
    46
     0
     0
     0
     0
     0
   127
     0
     0
    55
     0
     1
     0
  3895
     0
     0
     0
     0
     3
     0
     0
    62
     0
     0
    86
     0
     0
     0
     0
    17
     0
    57
     0
    30
     0
     0
     0
    51
     0
     0
     0
     0
     0
    12
     0
     0
    62
    39
    53
   125
    18
     0
     9
     0
     0
     0
     0
    25
    82
   156
   108
   143
    18
     0
    73
    73
     0
     0
    30
    26
   109
   121
    99
   120
    26
     0
    49
   166
     0
     0
     0
     0
   105
   156
    69
   161
     0
     3
   235
     0
     0
     0
     0
     0
   432
   224
   289
   196
   281
     0
     0
    39
     0
     0
     0
     0
   176
   177
   269
   347
    99
     0
     0
   126
     0
   155
     0
     0
   369
     0
   198
   325
   113
    25
     1
     0
    16
   214
    62
   156
   221
     0
    55
   352
     0
   103
    51
     4
   281
     0
   162
   289
     0
     0
     9
   109
     4
   182
     9
     0
   123
     0
   239
   161
     0
     0
     0
     0
     0
    44
     0
     0
     0
     0
     0
     3
     0
     0
     0
     0
     0
     0
     0
     0
     0
     0
     0
     0
     0
     0
     0
     0
     0
     0
     0
     0
     0
     0
     0
     0
     0
     0
     0
     0
     0
     0
     0
     0
     0
     0
     0
     0
     0
     0
     0
     0
     0
     0
     0
     0
     0
     0
     0
     0
     0
     0
     0
     0
     0
     0
     0
     0
     0
     0
     0
     0
     0
     0
     0
     0
     0
     0
     0
     0
     0
     0
     0
     0
     0
     0
     0
     0
     0
     0
     0
     0
     0
     0
     0
     0
     0
     0
     0
    92
     0
     0
     0
     0
     0
     0
     0
     0
     0
    21
   112
   105
   117
     0
     0
   134
     0
     0
     0
     0
    70
   220
   250
   385
   198
     0
     0
   188
     0
   334
    95
     0
   711
   406
   603
   637
   152
    92
     0
    96
    40
   545
   887
   636
   863
   283
   924
  1039
   157
   316
    16
   147
   811
  1284
   979
   966
  1216
   425
  1144
  1162
   376
   679
   359
   411
  1235
  1366
  1219
  1225
  1091
   874
   935
   590
   592
   545
   521
  1227
  1245
  1154
  1206
   809
   543
   975
  1165
   614
  1060
   464
   455
  1030
   793
  3895
   872
   748
   320
   415
   660
  1586
   580
   586
   386
  1013
   634
   598
   568
   556
   211
   251
   343
   172
   253
   192
   143
    95
   157
   107
    46
   182
    68
    81
   165
   156
     0
     0
    12
    10
    13
    23
     0
     0
   112
     0
   114
   229
    13
    18
     0
  3893
     0
   114
     0
   133
     1
     0
   114
     3
     0
     0
     0
     0
     0
     0
   176
    92
    27
     0
     0
     0
     0
     4
     0
     0
     0
     0
     0
    10
     0
     0
     0
     0
     0
     0
     0
     0
     0
     0
   112
     0
     0
     0
     0
     0
     0
     0
     0
     0
     0
     0
     0
     0
     0
     0
     0
     0
     0
     0
     0
     0
     0
     0
     0
     0
     0
     0
     0
     0
     0
     0
     0
     0
     0
     0
     0
     0
     0
     0
     0
     0
     0
     0
     0
     0
     0
     0
     0
     0
     0
     0
     0
     0
     0
  3892
     0
     0
     0
     0
     0
     0
     0
     0
     0
     0
     0
     0
     0
     0
     0
     0
     0
     0
     0
     0
     0
     0
     0
     0
     0
     0
     0
     0
     0
     0
     0
     0
     0
     0
     0
     0
     0
     0
     0
     0
     0
     0
     0
     0
     0
     0
     0
     0
     0
     0
     0
     0
     0
     0
     0
     0
     0
     0
     0
     0
     0
     0
     0
     0
     0
     0
     0
     0
     0
     0
     0
     0
     0
     0
     0
     0
     0
     0
     0
     0
     0
     0
     0
     0
     0
     0
     0
     0
     0
     0
     0
     0
     0
     0
     0
     0
    36
     0
     0
     0
     0
     0
     0
     0
    52
     1
     0
     0
    10
     0
     0
     0
    32
     0
     0
     0
     0
    83
     0
   387
     3
    36
     0
     4
    31
     0
    40
     1
    12
     0
    20
     0
    62
    75
    20
     0
   125
     9
     0
     0
    62
    91
    42
    40
    39
   103
    51
     4
     0
    48
    39
     0
     0
    29
   153
    64
    38
     0
    31
    12
     0
     0
    56
    25
     0
    84
     0
    40
     0
    31
     0
     0
   214
  2721
    68
     0
     0
    57
   126
     0
     0
     0
     0
     0
     0
     0
   134
     0
     0
     0
   108
     0
     0
     0
     0
     0
     0
     0
     0
     0
     0
     0
     0
     0
     0
     0
     0
     0
