 1024  130    0

  3893
  3899
  3897
  3897
  3896
  3390
  3900
  3896
  3783
  3281
  3805
  3893
  3895
  2725
  3390
  3897
  3897
  3088
  3256
  3896
  3899
  3346
  3463
  3567
  3587
  3537
  3896
  3427
  3893
  3307
  3578
  3895
  3743
  3074
  3181
  3896
  3554
  2963
  3276
  3177
  3897
  3379
  3151
  3489
  3897
  2974
  3056
  3381
  3753
  3328
  3202
  3346
  3409
  2730
  3088
  3897
  3437
  3895
  3193
  2951
  3359
  2657
  3379
  3420
  3159
  2747
  2976
  3233
  3566
  3272
  2802
  3474
  3663
  3137
  2865
  3034
  3523
  3193
  3085
  2812
  3697
  3347
  2994
  3440
  3578
  3124
  2776
  3056
  3251
  3324
  3052
  2206
  3325
  2616
  3089
  2891
  3464
  2448
  2427
  2929
  3048
  2759
  2636
  2818
  3263
  2625
  2258
  3078
  3136
  2140
  2159
  2584
  2642
  2380
  2492
  2708
  2162
  3895
  1990
  2622
  1846
  1856
  1748
  3899
  1976
  1287
  1706
  1743
  1955
  1093
  1132
  1700
  1659
  1462
  1104
  1773
  1703
  1456
  1261
  1113
  1664
  1175
  1235
  1156
  1499
  1154
  1196
  1335
  1066
  1560
  1340
  1199
  1388
  1174
  1121
   550
  1097
   827
  1018
   905
   985
  1026
   729
   636
  1022
   584
   706
    82
   841
   841
   582
   499
   946
   508
   250
   270
   484
   273
   316
   291
   318
   435
   286
   324
   247
   140
   198
   179
   207
   209
   188
   335
   378
     0
    52
  3484
    73
    46
   188
   248
   281
   269
    12
     0
   150
   361
     0
    69
   176
    39
   239
     0
    16
  1091
     0
    68
     0
     0
   239
    32
   289
   322
   170
     0
   155
    31
   146
   237
    73
   203
   203
   207
   481
   230
     0
    25
    96
    39
   441
  2465
   508
   592
   113
     0
   332
   126
   122
  3893
    78
   332
   558
   361
   624
   499
    81
    87
   173
    44
   365
   248
   373
   507
   302
   614
   577
     0
    99
   324
   179
   343
   169
   211
   478
    25
     0
   378
   352
    52
   229
     0
    79
   552
   164
   239
   403
     0
    72
     0
     0
   101
   283
   257
   192
   150
     0
     0
     0
     0
    16
     1
     0
   112
     0
    31
   120
     0
     0
     0
     0
     0
     0
     0
     0
     0
     0
     0
     0
     0
     0
     0
     0
     0
     0
     0
     0
     0
    52
     0
     0
     0
     0
    20
    87
     0
     0
     0
     0
     0
    51
    49
     0
    62
     0
    60
    43
     0
     0
     0
     0
     0
    81
     0
     0
    64
     0
    12
   103
     0
     0
     0
     0
     0
     0
    16
     0
    73
     0
     0
     0
    99
     0
   108
     0
     0
     0
    44
     0
     0
     0
    40
    49
   136
     9
     0
     6
    36
     0
     0
     0
    46
    87
   140
   125
   126
     9
    13
    87
    82
     0
     0
    26
    64
    68
   126
   117
   207
    92
     0
   114
   178
     0
     0
     0
    16
   157
   176
     0
    20
   104
     0
   221
   239
     0
     0
     0
     0
     0
   244
   135
   113
   259
     0
   192
   269
     0
  3893
     0
     0
   217
   186
   100
   162
     0
     0
   239
   307
     0
    92
     0
     0
   352
     6
   313
   303
     0
     0
     0
    96
     0
   247
   244
    36
   195
     0
   169
   455
     6
    51
     0
    84
   162
    34
   182
   216
   103
     0
    49
   234
     1
    48
    30
     0
   153
     0
   126
   143
     0
     0
     0
     0
     0
    57
     0
     0
    34
     0
     0
     9
     0
     0
     0
     0
     0
     0
     0
     0
     0
     0
     0
    65
     0
     0
     0
     0
     0
     0
     0
     0
     0
     0
     0
     0
     0
     0
     0
     0
     0
     0
     0
     0
     0
     0
     0
     0
     0
     0
     0
     0
     0
     0
     0
     0
     0
     0
     0
     0
     0
     0
     0
     0
     0
     0
     0
     0
     0
     0
     0
     0
     0
     0
     0
     0
     0
     0
     0
     0
     0
     0
     0
     0
     0
     0
     0
     0
     0
     0
     0
     0
     0
     0
     0
     0
     0
     0
     0
     0
     0
     0
     0
     0
     0
     0
     0
     0
     0
     0
     0
   101
    12
     0
    73
    46
     0
     0
     0
    20
   207
    86
   146
   393
   126
     1
    62
     0
     0
   207
     0
     0
   445
     0
   372
   610
   593
     0
     0
   207
     0
   715
   792
   269
   952
   499
  1102
  1113
     0
   278
   147
   524
   831
  1130
   894
   758
  1300
   490
  1196
  1213
   439
   378
   399
   399
   988
  1205
  1269
  1205
  1245
  1238
  1226
   559
   582
   551
   525
  1097
  1294
  1212
  1050
  1257
   892
  1030
   920
   503
   728
   937
   515
  3895
   754
  1097
   827
   824
   281
   604
   940
   330
   672
   484
   376
  3893
   571
   634
   519
   556
   224
   562
   421
   300
   281
   244
   211
   161
   208
   123
   146
   101
   204
   295
    99
   151
     0
    30
   328
   426
     0
     0
     0
    20
    27
     9
     4
   129
     0
     0
     0
     0
     9
   179
     0
     0
   129
   110
   311
   138
     0
   372
     0
     0
     0
   244
   116
     0
   143
     0
    46
   127
     0
     0
     0
     0
     0
     0
     0
     0
     0
     0
     0
     0
     0
     0
     0
     0
     0
     0
     0
     0
     0
     0
     0
     0
     0
     0
     0
     0
     0
     0
     0
     0
     0
     0
     0
     0
     0
     0
     0
     0
     0
   156
     0
     0
     0
     0
     0
     0
     0
     0
     0
     0
     0
     0
     0
     0
     0
     0
     0
     0
     0
     0
     0
     0
     0
     0
     0
     0
     0
     0
     0
     0
     0
     0
     0
     0
     0
     0
     0
     0
     0
     0
     0
     0
     0
     0
     0
     0
     0
     0
     0
     0
     0
     0
     0
     0
     0
     0
     0
     0
     0
     0
     0
     0
     0
     0
     0
     0
     0
     0
     0
     0
     0
     0
     0
     0
     0
     0
     0
     0
     0
     0
     0
     0
     0
     0
     0
     0
     0
     0
     0
     0
     0
     0
     0
     0
     0
     0
     0
     0
     0
     0
     0
     0
     0
     0
    69
     0
     0
     0
    25
     0
     0
     0
     0
     0
     0
     0
     0
     0
     0
     0
     0
     0
     0
     0
     0
     0
     0
     0
     0
     0
     0
    82
    10
     0
     0
     0
    62
     0
     0
     0
   109
    23
     0
     0
     0
    18
    72
     0
     0
    69
     0
     0
     0
     0
    62
    87
   140
     0
   105
    53
    22
     0
     0
    40
   385
    13
     8
     0
   134
   120
     0
     0
   134
    57
    62
    42
   105
    87
   138
     9
     0
   120
   178
    10
     0
     0
   540
    47
    64
    40
   131
    60
     0
    40
    51
    60
     0
    60
     0
    78
    73
   114
     0
     0
     0
    56
    78
     0
     0
   103
   120
     0
     0
     0
     0
     0
     0
     0
    31
    13
     0
     0
     0
     0
     0
     0
     0
     0
     0
     0
     0
     0
     0
     0
     0
     0
     0
     0
     0
     0
