 1024  130    0

  3897
  3895
  3895
  3899
  3897
  3168
  3899
  3895
  3617
  2672
  3897
  3893
  3897
  2808
  3362
  3897
  3899
  2996
  3237
  3899
  3897
  3389
  3384
  3899
  3567
  3077
  3897
  3899
  3895
  3025
  3741
  3897
  3308
  2725
  3247
  3745
  3503
  2739
  3392
  3728
  3870
  2750
  3172
  3380
  3734
  3171
  3115
  3158
  3640
  3442
  3240
  2934
  3411
  3644
  3089
  2577
  3353
  2662
  3192
  3224
  3329
  3120
  3249
  3354
  3619
  3110
  2838
  3420
  3597
  3149
  2770
  3463
  3836
  2996
  2778
  2755
  3549
  3117
  3115
  2831
  3704
  3195
  3015
  3498
  3337
  2236
  2828
  3081
  3084
  2738
  3100
  3273
  3224
  2892
  2956
  3896
  3236
  2362
  2457
  2907
  2985
  2657
  2601
  2765
  3212
  2655
  2100
  2181
  3120
  2241
  2194
  2226
  2792
  2310
  1867
  2505
  2438
  1876
  1591
  2118
  2012
  1656
  1793
  1828
  1976
  1273
  1550
  2553
  2059
  1232
  1147
  1600
  1574
  1112
  1162
  1492
  1632
  1362
  1321
  1227
  1643
  1069
  1279
  1074
  1456
  1248
  1248
  3896
  1353
  1522
  1213
  1370
  1424
  3895
   959
  1058
  1098
   948
   988
  1180
  1027
   910
   736
   580
   872
   681
   681
   820
   855
   723
   538
   220
   836
  3895
   208
   332
   416
   122
   265
   346
   354
   395
    92
    82
   299
     0
   273
   263
   231
   101
    42
    75
   384
    40
   101
     0
    62
    64
    65
   221
   237
   295
     0
     0
   176
   156
   140
    75
   120
   187
   114
     0
   150
   195
     0
    18
     0
    46
   229
  3895
   291
   247
    36
     0
    36
     0
   126
   300
   198
   328
   233
   250
   390
   148
     0
     0
    90
    91
   378
   207
   508
   572
    66
     0
   447
   394
   351
   437
    78
    25
   486
    17
   584
   667
   114
   161
   133
   120
   420
   435
   484
   482
   272
  3893
   358
    99
    31
    68
   179
   438
   424
   226
   503
    36
     0
   178
   217
     0
   239
   147
    88
   150
     0
   413
   363
     0
   256
     0
     0
   208
     0
   200
   174
     0
     0
     0
    16
     0
    92
   125
     0
    92
     0
     0
    88
     0
     0
     0
     0
     0
     0
     0
     0
    78
     0
     0
     0
     0
     0
     0
     0
     0
     0
     0
     0
     0
     0
   207
     0
     0
     0
     0
     0
    20
     0
     0
     0
     0
     0
    95
    90
    47
     0
     0
     0
     0
     0
     0
     0
     0
     0
    46
    10
    40
     0
     0
     0
    43
     0
     0
     0
     0
     0
    40
    51
    21
     0
     0
    29
    39
     0
     0
     0
     0
     0
    34
     0
    18
    36
    40
   120
   114
     1
     0
    36
    20
     0
     0
     0
     1
    98
   116
   165
   126
     0
     0
    47
    70
     0
     0
    36
     9
    75
   114
    92
   140
    78
     0
    91
   140
     0
     0
     0
     0
    82
   140
    61
    22
   127
     0
   156
   209
     0
    51
     0
     0
   101
   208
   156
   205
   143
     0
   114
   165
     0
    78
     0
     0
   251
   156
   156
   278
     0
     0
    29
   266
     0
   153
    39
     0
   304
     0
   153
   286
    46
     0
     0
     0
   156
   281
   280
   217
   164
     0
   300
   302
     9
     0
     0
    26
   220
     0
   135
   247
   112
     0
    25
   140
     0
    95
    96
     9
   134
     0
   101
   105
     0
     0
     0
     0
     0
    51
     0
     0
     0
     0
     0
    40
     0
     0
     0
     0
     0
     0
     0
     0
     0
     0
     0
     0
     0
     0
     0
     0
     0
     0
     0
     0
     0
     0
     0
     0
     0
     0
     0
     0
     0
     0
     0
     0
     0
     0
     0
     0
     0
     0
     0
     0
     0
     0
     0
     0
     0
     0
     0
     0
     0
     0
     0
     0
     0
     0
     0
     0
     0
     0
     0
     0
     0
     0
     0
     0
     0
     0
     0
     0
     0
     0
     0
     0
     0
     0
     0
     0
     0
     0
     0
     0
     0
     0
     0
     0
     0
     0
     0
     0
     0
     0
     0
     9
     0
     0
     0
     0
     0
    29
   165
   207
   125
     0
     0
     0
     0
     0
     0
     0
   198
    99
   240
   387
    78
     0
    92
    16
    57
   289
     0
     0
   343
    72
   625
   321
     0
   367
    16
   268
   253
   407
   554
   482
   916
   364
   822
   712
   122
    32
    96
   398
  1182
  3893
   653
  1503
   806
  1118
  1242
   582
   421
   424
   517
   706
  1201
  1243
  1248
  1330
  1017
  1183
  1018
   556
   610
   676
   520
  1248
  1143
  1086
  1196
   816
   536
   961
  1132
   540
   853
   551
   428
  1052
   911
   913
   915
   749
   322
   541
   524
   429
   494
   369
   458
   733
   663
  3893
   536
   373
   217
   413
   348
   239
   274
   156
   120
   134
   214
    62
    39
   500
    36
    90
   147
   170
     0
     0
    87
    44
     0
    86
     0
    51
   247
   134
    20
     0
     0
     0
     0
     0
   103
   186
   122
    32
   165
    36
   269
    62
     0
     0
     0
     0
    62
     9
   176
     0
   208
     0
     0
   146
     0
     0
     0
     0
     0
     9
     0
     0
    13
     0
     0
     0
     0
     0
     0
     0
     0
     0
     0
     0
     0
     0
     0
     0
     0
     0
     0
     0
     0
     0
     0
     0
     0
     0
     0
     0
     0
     0
     0
     0
     0
     0
     0
     0
     0
     0
     0
     0
     0
     0
     0
     0
     0
     0
     0
     0
     0
     0
     0
     0
     0
     0
     0
     0
     0
     0
     0
     0
     0
     0
     0
     0
     0
     0
     0
     0
     0
     0
     0
     0
     0
     0
     0
     0
     0
     0
     0
     0
     0
     0
     0
     0
     0
     0
     0
     0
     0
     0
     0
     0
     0
     0
     0
     0
     0
     0
     0
     0
     0
     0
     0
     0
     0
     0
     0
     0
     0
     0
     0
     0
     0
     0
     0
     0
     0
     0
     0
     0
     0
     0
     0
     0
     0
     0
     0
     0
     0
     0
     0
     0
     0
     0
     0
     0
     0
     0
     0
     0
     0
     0
     0
     0
     0
     0
     0
     0
     0
     0
     0
     0
     0
     0
     0
     0
     0
     0
     0
     0
     0
     0
    40
     0
     0
     0
     0
     0
     0
     0
     8
     0
    25
   162
   134
     0
   217
     0
     0
     0
     0
    10
    22
    29
     0
     0
     0
    21
    53
     9
     0
     0
    70
     0
     1
     0
     0
    36
   134
   110
    31
     0
    78
    51
     0
     0
   224
     0
     8
     0
     0
   138
   315
  3207
     0
  2768
    62
     0
   125
    23
    25
    66
     4
    18
    39
     0
     0
     0
    16
   136
    20
   114
     0
    91
     0
    64
     1
     0
    83
    53
   101
     0
     0
    49
    84
     0
     0
     0
     0
     0
     0
     0
   103
  3893
     0
     0
     0
     0
     0
     0
     0
     0
     0
     0
     0
     0
     0
     0
     0
     0
     0
     0
     0
     0
