 1024  130    0

  3897
  3899
  3897
  3897
  3899
  3897
  3895
  3896
  3896
  3893
  3900
  3896
  3895
  3896
  3895
  3895
  3896
  3896
  3896
  3896
  3899
  3893
  3896
  3897
  3897
  3897
  3899
  3896
  3897
  3896
  3897
  3897
  3897
  3895
  3897
  3897
  3893
  3897
  3895
  3895
  3899
  3896
  3897
  3897
  3897
  3900
  3897
  3897
  3897
  3895
  3899
  3895
  3897
  3895
  3897
  3895
  3893
  3899
  3896
  3895
  3897
  3897
  3899
  3897
  3896
  3896
  3899
  3897
  3896
  3895
  3899
  3899
  3900
  3897
  3896
  3897
  3895
  3895
  3899
  3895
  3897
  3897
  3897
  3897
  3895
  3895
  3899
  3895
  3899
  3899
  3893
  3897
  3897
  3896
  3896
  3900
  3899
  3895
  3896
  3896
  3897
  3895
  3899
  3897
  3895
  3896
  3896
  3897
  3895
  3899
  3896
  3896
  3896
  3895
  3896
  3897
  3897
  3900
  3893
  3893
  3897
  3896
  3896
  3897
  3899
  3895
  3897
  3897
  3895
  3893
  3893
  3897
  3895
  3897
  3895
  3896
  3893
  3896
  3895
  3899
  3899
  3899
  3893
  3897
  3897
  3895
  3900
  3896
  3897
  3896
  3896
  3899
  3900
  3896
  3896
  3896
  3896
  3895
  3897
  3896
  3896
  3895
  3895
  3900
  3893
  3895
  3893
  3893
  3897
  3897
  3897
  3897
  3899
  3899
  3899
  3899
  3900
  3900
  3897
  3896
  3897
  3895
  3899
  3895
  3897
  3897
  3899
  3897
  3897
  3897
  3896
  3897
  3900
  3900
  3895
  3895
  3895
  3897
  3893
  3895
  3895
  3895
  3896
  3895
  3895
  3899
  3897
  3897
  3900
  3895
  3895
  3896
  3896
  3897
  3897
  3895
  3895
  3896
  3896
  3896
  3895
  3893
  3893
  3897
  3896
  3895
  3897
  3895
  3896
  3895
  3896
  3897
  3895
  3895
  3897
  3896
  3896
  3895
  3897
  3895
  3897
  3897
  3895
  3896
  3897
  3899
  3899
  3899
  3896
  3899
  3897
  3895
  3897
  3896
  3897
  3899
  3896
  3897
  3896
  3895
  3895
  3900
  3899
  3896
  3895
  3899
  3893
  3893
  3900
  3895
  3896
  3897
  3899
  3896
  3896
  3896
  3896
  3897
  3899
  3895
  3895
  3895
  3896
  3899
  3900
  3899
  3899
  3896
  3896
  3900
  3895
  3896
  3895
  3899
  3895
  3895
  3895
  3895
  3896
  3896
  3896
  3899
  3893
  3897
  3897
  3897
  3899
  3895
  3895
  3897
  3896
  3897
  3900
  3893
  3895
  3897
  3895
  3896
  3896
  3897
  3896
  3893
  3893
  3899
  3897
  3899
  3896
  3897
  3895
  3897
  3893
  3775
  3896
  3895
  3899
  3896
  3895
  3893
  3896
  3897
  3899
  3661
  3169
  3412
  3739
  3245
  3141
  3176
  3038
  3201
  3245
  3264
  3234
  3194
  2974
  2921
  3010
  2785
  2560
  2392
  2630
  2547
  2376
  2392
  2172
  2287
  2380
  2167
  2375
  2375
  2080
  3221
  1972
  1715
  1700
  1751
  1507
  3893
  1846
  3893
  1867
  1871
  1270
  1148
  1530
  1083
   836
  1049
   768
  2548
  1268
  1201
  1251
  1165
  1030
  1097
  1015
   265
   198
   161
   269
   416
   499
   140
   407
   519
   556
   508
   542
     0
     0
   221
    31
   117
    12
     0
     0
   229
   278
    73
    22
     0
     0
     0
    87
     0
     0
     0
     0
     0
     4
    52
     0
    92
     0
     0
    46
     0
     0
     0
     0
     0
    16
   186
    64
    39
   233
   174
   217
   172
     0
  3891
    51
     0
   244
   604
   261
    99
   545
   230
   523
   563
    36
   216
    99
    82
   668
   885
   533
   286
   853
  3893
   681
   679
   209
   508
   369
   337
   758
  1154
  1024
  1235
   780
   868
   893
   494
   315
   420
   406
  1002
  1165
   835
   883
   998
   822
   772
   675
   854
   822
   647
   517
  1472
   952
  1065
   913
   693
   842
   758
   764
   723
   936
   732
   568
  1174
   653
   699
   655
   612
   957
  2101
   424
   452
   812
   928
   653
   705
   402
   441
   435
   332
   682
   707
   205
   489
   556
   746
   355
   508
   225
   230
   300
   151
   265
   538
   247
   168
   364
   187
   332
   373
     4
   330
     0
    39
   186
   404
   209
    18
   370
    68
   196
   192
   114
   459
    21
     0
   103
   542
   226
    51
   300
   352
   324
   125
   198
   467
   272
  1495
   277
   520
   417
   342
   338
   380
   359
   309
   432
   497
   328
   253
   538
  3893
   474
   363
   559
   503
   342
   515
   369
   504
   283
   367
   447
   680
   538
   207
   541
   395
   425
   369
   265
   385
   289
   239
   328
   482
   420
   265
   545
   143
   237
  3897
   176
   407
   268
    82
   395
   339
   499
   480
   295
  3893
     9
  1665
   103
   542
   569
   226
   515
   352
   373
   278
    13
   122
    16
     6
   224
   468
   390
   399
   365
   112
   289
   325
   165
   281
   186
    39
   176
   281
   351
   332
   265
   153
    83
    82
   159
     0
    60
    34
    60
   543
   134
    90
   172
     0
    30
   130
     4
     0
   179
     0
     0
     0
   196
     0
    92
    96
     0
     0
     0
     0
     0
     0
     0
   334
    21
     0
     0
     0
     0
     0
     0
     0
     0
     0
     0
     0
    10
     0
     0
     0
     0
     0
     0
     0
     0
     0
     0
     0
     0
     0
     0
     0
     0
     0
     0
     0
     0
     0
     0
     0
     0
     0
     0
     0
     0
     0
     0
     0
     0
     0
     0
     0
     0
     0
     0
     0
     0
     0
     0
     0
     0
     0
     0
     0
     0
     0
     0
     0
     0
     0
     0
     0
     0
     0
     0
     0
     0
     0
     0
     0
     0
     0
     0
     0
     0
     0
     0
     0
     0
     0
     0
     0
     0
     0
     0
     0
     0
     0
     0
     0
     0
     0
     0
     0
     0
     0
     0
     0
     0
     0
     0
     0
     0
     0
     0
     0
     0
     0
     0
     0
     0
     0
     0
     0
     0
     0
     0
     0
     0
     0
     0
     0
     0
     0
     0
     0
     0
     0
     0
     0
     0
     0
     0
     0
     0
     0
     0
     0
     0
     0
     0
     0
     0
     0
     0
     0
     0
     0
     0
     0
     0
     0
     0
     0
     0
     0
     0
     0
     0
     0
     0
     0
     0
     0
     0
     0
     0
     0
     0
     0
     0
     0
     0
     0
     0
     0
     0
     0
     0
     0
     0
     0
     0
     0
     0
     0
     0
     0
     0
     0
     0
     0
     0
     0
     0
     0
     0
     0
     0
     0
     0
     0
     0
     0
     0
     0
     0
     0
     0
     0
     0
     0
     0
     0
     0
     0
     0
     0
     0
     0
     0
     0
     0
     0
     0
     0
     0
     0
     0
     0
     0
     0
     0
     0
     0
     0
     0
     0
     0
     0
     0
     0
     0
     0
     0
     0
     0
     0
     0
     0
     0
     0
     0
     0
     0
     0
     0
     0
     0
     0
     0
     0
     0
     0
     0
     0
     0
     0
     0
     0
     0
     0
     0
     0
     0
     0
     0
     0
     0
     0
     0
     0
     0
     0
     0
     0
     0
     0
     0
     0
     0
     0
     0
     0
     0
     0
     0
     0
     0
     0
     0
     0
     0
     0
     0
     0
     0
     0
     0
     0
     0
     0
     0
     0
     0
     0
     0
     0
     0
     0
     0
     0
