 1024  130    0

  3897
  3897
  3899
  3900
  3897
  3896
  3897
  3896
  3893
  3899
  3896
  3896
  3896
  3895
  3895
  3896
  3897
  3897
  3897
  3893
  3893
  3895
  3897
  3896
  3896
  3897
  3895
  3897
  3897
  3895
  3897
  3900
  3899
  3897
  3897
  3896
  3900
  3900
  3897
  3897
  3895
  3897
  3896
  3897
  3895
  3895
  3897
  3899
  3900
  3895
  3897
  3895
  3897
  3896
  3895
  3899
  3895
  3897
  3896
  3893
  3899
  3897
  3896
  3893
  3896
  3900
  3895
  3893
  3895
  3897
  3900
  3897
  3900
  3896
  3895
  3897
  3893
  3896
  3899
  3897
  3896
  3895
  3899
  3897
  3897
  3897
  3899
  3895
  3896
  3899
  3899
  3897
  3896
  3893
  3900
  3897
  3896
  3899
  3896
  3895
  3893
  3899
  3899
  3897
  3899
  3895
  3897
  3897
  3895
  3896
  3895
  3897
  3895
  3899
  3895
  3897
  3893
  3900
  3895
  3896
  3897
  3896
  3897
  3899
  3897
  3896
  3897
  3895
  3892
  3895
  3897
  3896
  3896
  3900
  3899
  3895
  3895
  3896
  3896
  3900
  3893
  3896
  3897
  3893
  3897
  3893
  3895
  3897
  3897
  3896
  3896
  3896
  3897
  3897
  3897
  3900
  3897
  3896
  3896
  3895
  3896
  3896
  3897
  3897
  3895
  3896
  3896
  3899
  3899
  3895
  3895
  3896
  3899
  3900
  3897
  3893
  3897
  3896
  3896
  3895
  3897
  3895
  3897
  3896
  3899
  3895
  3899
  3897
  3897
  3897
  3895
  3899
  3895
  3900
  3895
  3896
  3896
  3900
  3895
  3896
  3897
  3895
  3900
  3895
  3897
  3897
  3899
  3897
  3896
  3897
  3899
  3897
  3896
  3896
  3893
  3899
  3900
  3896
  3896
  3897
  3896
  3899
  3897
  3896
  3895
  3899
  3899
  3896
  3900
  3896
  3896
  3896
  3895
  3897
  3897
  3899
  3899
  3897
  3893
  3896
  3896
  3897
  3895
  3900
  3897
  3897
  3897
  3897
  3897
  3895
  3900
  3895
  3897
  3896
  3899
  3895
  3896
  3897
  3895
  3897
  3899
  3896
  3895
  3896
  3897
  3899
  3895
  3896
  3897
  3895
  3895
  3895
  3895
  3895
  3896
  3897
  3897
  3893
  3893
  3897
  3896
  3897
  3897
  3893
  3895
  3896
  3897
  3896
  3899
  3897
  3895
  3896
  3897
  3897
  3893
  3895
  3896
  3897
  3897
  3896
  3899
  3899
  3897
  3897
  3896
  3895
  3897
  3895
  3897
  3897
  3899
  3897
  3896
  3899
  3897
  3900
  3899
  3900
  3895
  3899
  3896
  3897
  3897
  3896
  3897
  3897
  3897
  3895
  3896
  3897
  3899
  3896
  3822
  3896
  3895
  3893
  3896
  3897
  3897
  3897
  3895
  3893
  3899
  3178
  3489
  3900
  3253
  3406
  3242
  3077
  3315
  3481
  3457
  3388
  3308
  2944
  3094
  3264
  2779
  2610
  2562
  2770
  2388
  2382
  2262
  2230
  2640
  2392
  2395
  2755
  1986
  1890
  2214
  3895
  1647
  1916
  1548
  1436
  2001
  1852
  1865
  1758
  1682
  1037
  1487
  1356
   811
   798
   577
   936
  1351
  1335
  1174
  1357
  1086
  1252
  1092
   382
   229
   292
   260
   369
   536
   322
   290
   679
   675
   586
   563
     0
     0
   400
   231
    31
    78
  3893
     0
   233
   312
   134
    14
    40
     0
   109
   103
     0
     0
     0
     0
     0
    82
    64
     0
   131
     0
     0
   105
     9
     0
     0
     0
     0
   150
   134
    72
   207
   348
   250
   229
   156
    20
     0
     0
     0
    20
    40
   386
   490
   638
   771
   667
   291
   103
    42
   342
  3892
   868
   681
   291
   802
   638
  3896
  1031
   660
   393
   250
   363
   435
   981
   898
   948
  1145
   892
   916
   562
  2172
   424
   547
   580
  1193
  1160
   568
   863
   954
   824
   816
   783
   905
   916
   723
   556
  1270
  1039
   913
   915
   780
   871
   768
   768
   663
  1007
  1040
   760
  1173
   660
   714
   740
   675
   572
   589
   562
   637
   966
   980
   764
   966
   589
   332
   348
   628
   550
   637
   138
   957
   642
   614
   330
   393
   339
   188
   438
    26
   650
   348
   146
   247
   316
   351
   385
   398
     9
   291
   151
    39
   533
   702
     4
    17
   441
   274
   235
   322
   103
   380
     0
    60
   166
   530
   211
   148
   296
   417
   424
    81
   101
  1824
   307
    66
   211
   562
   478
   374
   304
   461
   415
   291
   417
   601
   354
   220
   497
   575
   536
   291
   566
   541
   389
   367
   372
   582
   269
   235
   332
   723
   722
   244
   361
   572
   411
   283
   413
   307
   311
   270
   155
   567
   533
   508
   619
   170
   385
  3893
   257
   507
   136
   150
   445
   359
   476
   300
   478
   268
    31
   429
    46
   628
   560
    52
   268
   802
   406
   593
   122
   229
    60
   134
   239
   398
   572
   608
   582
   235
   291
   604
   165
   307
   129
     0
   230
   441
   387
   385
   277
   292
    78
   203
   156
    40
    82
     0
    90
   395
   260
   205
   125
   130
   123
   153
    96
     0
     0
     0
     0
   278
    82
     0
   107
     0
     0
    36
    60
     0
     0
     0
     0
   217
    31
     0
     0
   110
    61
     0
     0
     0
     0
     0
     0
     0
     0
     0
     0
     0
    12
     0
     0
     0
     0
     0
     0
     0
     0
     0
     0
    91
     0
     0
     0
     0
     0
     0
     0
     0
     0
     0
     0
     0
     0
     0
     0
     0
     0
     0
     0
     0
     0
     0
     0
     0
     0
     0
     0
     0
     0
     0
     0
     0
     0
     0
     0
     0
     0
     0
     0
     0
     0
     0
     0
     0
     0
     0
     0
     0
     0
     0
     0
     0
     0
     0
     0
     0
     0
     0
     0
     0
     0
     0
     0
     0
     0
     0
     0
     0
     0
     0
     0
     0
     0
     0
     0
     0
     0
     0
     0
     0
     0
     0
     0
     0
     0
     0
     0
     0
     0
     0
     0
     0
     0
     0
     0
     0
     0
     0
     0
     0
     0
     0
     0
     0
     0
     0
     0
     0
     0
     0
     0
     0
     0
     0
     0
     0
     0
     0
     0
     0
     0
     0
     0
     0
     0
     0
     0
     0
     0
     0
     0
     0
     0
     0
     0
     0
     0
     0
     0
     0
     0
     0
     0
     0
     0
     0
     0
     0
     0
     0
     0
     0
     0
     0
     0
     0
     0
     0
     0
     0
     0
     0
     0
     0
     0
     0
     0
     0
     0
     0
     0
     0
     0
     0
     0
     0
     0
     0
     0
     0
     0
     0
     0
     0
     0
     0
     0
     0
     0
     0
     0
     0
     0
     0
     0
     0
     0
     0
     0
     0
     0
     0
     0
     0
     0
     0
     0
     0
     0
     0
     0
     0
     0
     0
     0
     0
     0
     0
     0
     0
     0
     0
     0
     0
     0
     0
     0
     0
     0
     0
     0
     0
     0
     0
     0
     0
     0
     0
     0
     0
     0
     0
     0
     0
     0
     0
     0
     0
     0
     0
     0
     0
     0
  3893
     0
     0
     0
     0
     0
     0
     0
     0
     0
     0
     0
     0
     0
     0
     0
     0
     0
     0
     0
     0
     0
     0
     0
     0
     0
     0
     0
     0
     0
     0
     0
     0
     0
     0
     0
     0
     0
     0
     0
     0
     0
     0
     0
     0
     0
     0
