 1024  130    0

  3896
  3900
  3895
  3899
  3896
  3895
  3900
  3893
  3895
  3897
  3896
  3895
  3895
  3895
  3895
  3895
  3895
  3895
  3896
  3899
  3895
  3896
  3897
  3893
  3895
  3896
  3897
  3897
  3900
  3895
  3899
  3892
  3897
  3897
  3897
  3895
  3896
  3899
  3896
  3897
  3897
  3897
  3897
  3895
  3895
  3897
  3899
  3893
  3899
  3896
  3896
  3896
  3893
  3893
  3897
  3896
  3895
  3896
  3899
  3895
  3896
  3897
  3896
  3897
  3893
  3895
  3897
  3897
  3896
  3893
  3895
  3895
  3896
  3897
  3896
  3897
  3897
  3899
  3897
  3896
  3895
  3895
  3897
  3899
  3897
  3893
  3897
  3899
  3896
  3897
  3897
  3895
  3897
  3895
  3897
  3896
  3895
  3899
  3897
  3893
  3896
  3899
  3895
  3896
  3895
  3897
  3896
  3896
  3899
  3897
  3895
  3895
  3899
  3895
  3897
  3899
  3897
  3897
  3896
  3899
  3895
  3896
  3893
  3895
  3897
  3896
  3897
  3893
  3899
  3897
  3896
  3899
  3895
  3896
  3897
  3897
  3897
  3895
  3897
  3897
  3895
  3897
  3897
  3895
  3899
  3897
  3897
  3897
  3897
  3899
  3897
  3895
  3895
  3899
  3897
  3893
  3893
  3895
  3895
  3897
  3896
  3893
  3895
  3895
  3897
  3895
  3895
  3895
  3897
  3899
  3896
  3897
  3893
  3899
  3895
  3899
  3896
  3897
  3896
  3897
  3895
  3899
  3899
  3896
  3893
  3897
  3896
  3897
  3895
  3896
  3893
  3896
  3896
  3895
  3897
  3893
  3893
  3896
  3899
  3895
  3897
  3896
  3895
  3895
  3897
  3897
  3896
  3900
  3900
  3896
  3896
  3897
  3899
  3900
  3895
  3897
  3897
  3896
  3896
  3893
  3896
  3896
  3896
  3897
  3897
  3895
  3896
  3897
  3897
  3896
  3899
  3896
  3896
  3897
  3895
  3893
  3899
  3895
  3895
  3899
  3895
  3900
  3895
  3896
  3896
  3896
  3899
  3895
  3896
  3899
  3895
  3897
  3899
  3897
  3895
  3896
  3895
  3897
  3899
  3897
  3899
  3897
  3896
  3897
  3900
  3893
  3896
  3897
  3896
  3897
  3895
  3893
  3897
  3895
  3897
  3897
  3897
  3897
  3896
  3897
  3899
  3897
  3899
  3895
  3896
  3897
  3897
  3895
  3893
  3896
  3896
  3897
  3895
  3900
  3899
  3897
  3896
  3895
  3896
  3899
  3896
  3897
  3896
  3893
  3893
  3895
  3895
  3896
  3897
  3897
  3893
  3897
  3895
  3896
  3895
  3897
  3899
  3899
  3896
  3895
  3896
  3895
  3893
  3896
  3896
  3896
  3897
  3899
  3895
  3897
  3893
  3895
  3895
  3899
  3899
  3897
  3896
  3897
  3900
  3896
  3897
  3896
  3739
  3073
  3706
  3618
  3272
  3527
  3164
  3080
  3093
  3229
  3273
  3063
  3192
  2964
  2643
  2902
  3128
  2703
  2424
  2579
  2402
  2557
  2491
  2369
  2458
  2476
  2521
  2538
  2162
  1893
  2042
  2250
  1654
  1999
  1600
  1388
  1976
  1704
  1976
  1592
  1382
   946
  1494
  1760
   770
  1464
   874
   723
  1264
  1424
  1409
  1366
  1195
  2777
   883
   342
   182
   207
   229
   403
   614
   312
   311
   598
   541
   384
   610
    56
     0
   156
   239
  3895
   162
     0
     0
   169
   244
   207
    64
   251
     0
     0
   129
     0
     0
     0
     0
     0
    30
     0
    12
     0
   125
     0
     0
     0
     0
     0
     0
     0
   120
   246
    47
    18
   250
    12
   264
   265
     0
   151
     0
    51
    73
   550
   374
   256
   672
   289
   530
   602
    66
   528
     9
    86
   650
   991
   569
   602
   844
   526
   681
   738
   342
  1292
   474
   434
   894
  1186
   996
  1141
   723
   963
   936
   540
   586
   702
   515
   848
  1232
  1007
   792
  1312
   776
   645
   790
   690
   985
   889
   564
  1100
   978
  1287
  1062
   776
   753
   916
   768
   528
  1053
  1206
   684
   738
   697
   898
   716
   806
   476
  1060
   767
   476
   883
   511
   707
   801
   686
   191
   312
   671
   748
  1010
   198
   136
   682
   328
   604
   478
   199
   640
   239
   268
   216
   489
   575
  3891
   186
   224
   276
   432
   114
   142
     9
    69
   140
   415
   292
   129
   441
   176
   203
   393
    74
   385
     0
     0
   272
   767
   144
    51
   352
   355
   337
   125
   250
   543
   257
   216
   343
   542
   532
   270
   361
   435
   364
   335
   432
   571
   390
   281
   562
   590
   523
   448
   572
   521
   406
   393
   364
   568
   226
   224
   621
   872
   621
   289
   550
   407
   554
   465
   248
  1305
   233
   248
   313
  1284
   491
   660
   550
   203
   358
   660
   209
   497
   186
   114
   559
   545
   500
   406
   291
  3893
    36
   328
    51
   640
   672
   227
   512
   176
   346
   528
   148
   116
    73
   112
   194
   469
   554
   187
   538
    95
   165
   569
   247
   217
   322
    25
   208
   300
   296
   390
   411
   217
    82
   300
   117
   207
   108
   429
   101
     0
    25
    78
   186
   155
   188
   303
     0
     0
     0
     0
     0
   280
   224
   169
    82
    43
     0
    47
    26
     0
     0
     0
     0
   136
    53
     0
    38
   177
    60
     0
     0
     0
     0
     0
     0
     0
     0
     0
     0
     0
     0
     0
     0
     0
     0
     0
     0
     0
     0
     0
     0
     0
     0
     0
     0
     0
     0
     0
     0
     0
     0
     0
     0
     0
     0
     0
     0
     0
     0
     0
     0
     0
     0
     0
     0
     0
     0
     0
     0
     0
     0
     0
     0
     0
     0
     0
     0
     0
     0
     0
     0
     0
     0
     0
     0
     0
     0
     0
     0
     0
     0
     0
     0
     0
     0
     0
     0
     0
     0
     0
     0
     0
     0
     0
     0
     0
     0
     0
     0
     0
     0
     0
     0
     0
     0
     0
     0
     0
     0
     0
     0
     0
     0
     0
     0
     0
     0
     0
     0
     0
     0
     0
     0
     0
     0
     0
     0
     0
     0
     0
     0
     0
     0
     0
     0
     0
     0
     0
     0
     0
     0
     0
     0
     0
     0
     0
     0
     0
     0
     0
     0
     0
     0
     0
     0
     0
     0
     0
     0
     0
     0
     0
     0
     0
     0
     0
     0
     0
     0
     0
     0
     0
     0
     0
     0
     0
     0
     0
     0
     0
     0
     0
     0
     0
     0
     0
     0
     0
     0
     0
     0
     0
     0
     0
     0
     0
     0
     0
     0
     0
     0
     0
     0
     0
     0
     0
     0
     0
     0
     0
     0
     0
     0
     0
     0
     0
     0
     0
     0
     0
     0
     0
     0
     0
     0
     0
     0
     0
     0
     0
     0
     0
     0
     0
     0
     0
     0
  3893
     0
     0
     0
     0
     0
     0
     0
     0
     0
     0
     0
     0
     0
     0
     0
     0
     0
     0
     0
     0
     0
     0
     0
     0
     0
     0
     0
     0
     0
     0
     0
     0
     0
     0
     0
     0
     0
     0
     0
     0
     0
     0
     0
     0
     0
     0
     0
     0
     0
     0
     0
     0
     0
     0
     0
     0
     0
     0
     0
     0
     0
     0
     0
     0
     0
     0
     0
     0
     0
     0
     0
     0
     0
     0
     0
     0
     0
     0
     0
     0
     0
     0
     0
     0
     0
     0
     0
     0
     0
     0
     0
     0
     0
     0
