 1024  130    0

  3895
  3895
  3893
  3895
  3897
  3893
  3897
  3896
  3897
  3895
  3895
  3895
  3897
  3895
  3896
  3896
  3896
  3893
  3895
  3897
  3897
  3895
  3897
  3896
  3899
  3896
  3896
  3899
  3900
  3895
  3896
  3899
  3895
  3897
  3893
  3899
  3896
  3897
  3896
  3896
  3900
  3899
  3897
  3897
  3899
  3900
  3897
  3899
  3895
  3896
  3899
  3895
  3897
  3895
  3896
  3897
  3897
  3893
  3896
  3897
  3896
  3897
  3896
  3897
  3899
  3899
  3895
  3896
  3895
  3897
  3897
  3896
  3896
  3895
  3899
  3896
  3896
  3895
  3897
  3895
  3899
  3899
  3896
  3897
  3896
  3896
  3896
  3895
  3896
  3897
  3895
  3897
  3899
  3899
  3899
  3897
  3897
  3897
  3895
  3897
  3895
  3897
  3899
  3895
  3896
  3900
  3897
  3897
  3897
  3895
  3895
  3897
  3897
  3893
  3895
  3895
  3896
  3896
  3897
  3900
  3895
  3895
  3896
  3895
  3897
  3893
  3895
  3895
  3895
  3896
  3895
  3899
  3896
  3896
  3897
  3897
  3893
  3899
  3895
  3895
  3897
  3896
  3893
  3895
  3896
  3896
  3897
  3893
  3895
  3897
  3895
  3895
  3897
  3900
  3893
  3897
  3897
  3896
  3895
  3893
  3895
  3895
  3899
  3896
  3895
  3893
  3893
  3896
  3897
  3897
  3900
  3900
  3897
  3897
  3896
  3896
  3893
  3897
  3896
  3899
  3897
  3899
  3899
  3897
  3895
  3896
  3897
  3897
  3900
  3897
  3895
  3895
  3897
  3895
  3897
  3897
  3895
  3896
  3897
  3897
  3897
  3896
  3896
  3897
  3897
  3899
  3899
  3899
  3899
  3895
  3895
  3895
  3896
  3896
  3899
  3897
  3897
  3897
  3895
  3896
  3896
  3895
  3897
  3896
  3897
  3896
  3896
  3897
  3900
  3899
  3895
  3893
  3897
  3897
  3895
  3896
  3897
  3899
  3899
  3895
  3899
  3897
  3897
  3897
  3895
  3895
  3895
  3896
  3897
  3897
  3900
  3897
  3897
  3895
  3896
  3897
  3895
  3895
  3899
  3895
  3896
  3900
  3897
  3897
  3899
  3897
  3897
  3897
  3895
  3896
  3895
  3896
  3895
  3896
  3897
  3897
  3897
  3896
  3899
  3893
  3896
  3895
  3897
  3895
  3897
  3895
  3900
  3895
  3897
  3896
  3896
  3896
  3897
  3897
  3897
  3895
  3897
  3895
  3895
  3896
  3896
  3897
  3897
  3897
  3895
  3896
  3896
  3899
  3899
  3897
  3895
  3896
  3896
  3897
  3895
  3897
  3895
  3895
  3893
  3895
  3900
  3895
  3897
  3896
  3896
  3895
  3900
  3896
  3897
  3895
  3896
  3893
  3900
  3897
  3897
  3897
  3897
  3897
  3897
  3895
  3896
  3897
  3897
  3182
  3436
  3775
  3264
  3454
  3206
  3039
  3419
  3576
  3476
  3147
  3433
  2691
  2964
  3178
  2929
  2496
  2532
  2750
  2405
  2677
  2283
  2380
  2361
  2015
  1928
  2288
  2016
  1808
  1820
  1786
  1964
  2183
  1456
  1986
  1555
  1343
  1256
  1382
  1581
  1470
  1018
  1496
  1024
  1381
  1004
  1734
  1453
   892
   508
  1062
   396
   590
   504
   538
   269
   269
   803
   805
   395
   114
   161
   432
     0
     0
    68
     0
   251
   125
     0
     0
     0
   157
     0
   125
     0
     0
   185
    82
   412
  3893
    61
     9
   281
  3893
     0
   797
     0
    95
     0
    25
     0
     0
     0
   186
    64
     0
     0
     0
   385
    10
     0
   196
     0
   634
     0
   373
   134
   224
   481
    40
   398
    46
   325
   286
   343
   369
   337
   122
   542
   584
   364
   675
   473
   318
   633
   263
  1030
   556
   935
   748
   398
   783
   875
   334
   660
  3893
   681
   183
   198
  1651
  1344
   364
   382
   945
   872
   723
   864
   611
   785
   489
   510
   770
  1123
   897
   905
  1323
   933
   592
   594
   935
   871
   499
   827
   916
   759
   584
   746
   785
   850
   607
   619
  1297
   764
   727
   498
  1000
   894
   788
   541
   655
   692
   746
   716
   194
   296
   780
   586
  1011
   226
   432
   697
   278
   525
   244
   265
   800
   205
   265
     0
   602
   490
   153
   335
   274
   390
   430
    16
   259
    57
   116
   316
   616
   108
    39
   411
   224
   198
  3893
   140
   361
     0
    42
   185
  1949
   161
     0
   322
   384
   350
    36
    52
   602
   291
   330
   255
   750
   461
   434
   351
   415
   395
   339
   458
   571
   355
   225
   504
   569
   494
   283
   550
   540
   378
   569
   364
   556
   259
   227
   367
   728
   649
   432
   489
   415
   577
   425
   247
   645
   218
   324
   376
   698
   494
   259
   572
   200
   425
   498
   207
   573
   139
   125
   442
   342
   528
   459
   295
   259
    46
   281
    99
   629
   386
   229
   582
    57
   448
   562
    60
   209
     0
   233
   298
   612
   560
   247
   586
   165
   273
  3474
   190
   224
   207
    20
   198
   461
   411
   415
   298
   404
    84
  3893
    70
    42
    70
    48
    82
   217
   286
   126
   125
   239
   176
   182
     0
     0
     0
     0
     0
   191
     0
     0
   243
     0
    44
   246
    87
     0
     0
     0
     0
   146
     0
     0
   173
   114
   109
     0
     0
     0
     0
     0
     0
     0
     5
     0
     0
     0
     4
     0
     0
     0
     0
     0
     0
     0
     0
     0
     0
     0
     0
     0
     0
     0
     0
     0
     0
     0
     0
     0
     0
     0
     0
     0
     0
     0
     0
     0
     0
     0
     0
     0
     0
     0
     0
     0
     0
     0
     0
     0
     0
     0
     0
     0
     0
     0
     0
     0
     0
     0
     0
     0
     0
     0
     0
     0
     0
     0
     0
     0
     0
     0
     0
     0
     0
     0
     0
     0
     0
     0
     0
     0
     0
     0
     0
     0
     0
     0
     0
     0
     0
     0
     0
     0
     0
     0
     0
     0
     0
     0
     0
     0
     0
     0
     0
     0
     0
     0
     0
     0
     0
     0
     0
     0
     0
     0
     0
     0
     0
     0
     0
     0
     0
     0
     0
     0
     0
     0
     0
     0
     0
     0
     0
     0
     0
     0
     0
     0
     0
     0
     0
     0
     0
     0
     0
     0
     0
     0
     0
     0
     0
     0
     0
     0
     0
     0
     0
     0
     0
     0
     0
     0
     0
     0
     0
     0
     0
     0
     0
     0
     0
     0
     0
     0
     0
     0
     0
     0
     0
     0
     0
     0
     0
     0
     0
     0
     0
     0
     0
     0
     0
     0
     0
     0
     0
     0
     0
     0
     0
     0
     0
     0
     0
     0
     0
     0
     0
     0
     0
     0
     0
     0
     0
     0
     0
     0
     0
     0
     0
     0
     0
     0
     0
     0
     0
     0
     0
     0
     0
     0
     0
     0
     0
     0
     0
     0
     0
     0
     0
     0
     0
     0
     0
     0
     0
     0
     0
     0
     0
     0
     0
     0
     0
     0
     0
     0
     0
     0
     0
     0
     0
     0
     0
     0
     0
     0
     0
     0
     0
     0
     0
     0
     0
     0
     0
     0
     0
     0
     0
     0
     0
     0
     0
     0
     0
     0
     0
     0
     0
     0
     0
     0
     0
     0
     0
     0
     0
     0
     0
     0
     0
     0
     0
     0
     0
     0
     0
     0
     0
     0
     0
     0
     0
     0
     0
     0
     0
     0
     0
     0
