 1024  130    0

  3896
  3897
  3899
  3899
  3896
  3893
  3896
  3896
  3897
  3895
  3893
  3897
  3897
  3897
  3896
  3893
  3897
  3899
  3895
  3897
  3896
  3897
  3895
  3899
  3896
  3895
  3896
  3896
  3895
  3897
  3897
  3899
  3895
  3899
  3899
  3899
  3897
  3897
  3900
  3895
  3897
  3899
  3897
  3896
  3895
  3895
  3896
  3896
  3897
  3899
  3899
  3896
  3897
  3897
  3897
  3897
  3899
  3900
  3895
  3897
  3897
  3897
  3897
  3899
  3897
  3900
  3895
  3900
  3897
  3897
  3897
  3899
  3893
  3897
  3897
  3897
  3897
  3895
  3895
  3900
  3897
  3897
  3897
  3896
  3900
  3895
  3897
  3897
  3896
  3900
  3897
  3900
  3896
  3897
  3896
  3899
  3899
  3897
  3897
  3897
  3899
  3896
  3897
  3896
  3895
  3896
  3899
  3900
  3900
  3897
  3897
  3896
  3895
  3899
  3900
  3895
  3899
  3895
  3899
  3899
  3897
  3896
  3897
  3895
  3900
  3899
  3897
  3896
  3899
  3897
  3895
  3897
  3897
  3897
  3896
  3897
  3895
  3897
  3897
  3897
  3897
  3893
  3897
  3897
  3895
  3897
  3896
  3896
  3897
  3897
  3899
  3897
  3897
  3895
  3895
  3897
  3895
  3897
  3900
  3899
  3897
  3897
  3899
  3897
  3899
  3897
  3899
  3897
  3899
  3897
  3897
  3895
  3896
  3897
  3899
  3895
  3896
  3896
  3897
  3897
  3895
  3897
  3897
  3897
  3896
  3897
  3897
  3893
  3896
  3899
  3897
  3897
  3895
  3895
  3900
  3899
  3897
  3897
  3899
  3893
  3897
  3897
  3899
  3895
  3897
  3896
  3896
  3897
  3896
  3897
  3900
  3897
  3899
  3896
  3897
  3899
  3896
  3895
  3899
  3897
  3897
  3897
  3897
  3897
  3897
  3899
  3896
  3900
  3900
  3896
  3897
  3899
  3897
  3897
  3900
  3895
  3897
  3900
  3900
  3897
  3896
  3899
  3897
  3897
  3897
  3900
  3895
  3895
  3897
  3897
  3899
  3896
  3896
  3896
  3897
  3897
  3900
  3895
  3896
  3893
  3896
  3900
  3895
  3897
  3893
  3897
  3897
  3895
  3895
  3895
  3895
  3895
  3895
  3896
  3900
  3895
  3895
  3895
  3893
  3895
  3895
  3896
  3897
  3899
  3897
  3899
  3895
  3899
  3896
  3899
  3900
  3899
  3899
  3896
  3895
  3897
  3896
  3895
  3899
  3897
  3897
  3896
  3899
  3896
  3899
  3899
  3895
  3896
  3899
  3895
  3897
  3897
  3897
  3899
  3900
  3899
  3896
  3895
  3897
  3895
  3896
  3897
  3896
  3897
  3897
  3893
  3899
  3899
  3897
  3897
  3895
  3897
  3900
  3897
  3899
  3896
  3895
  3899
  3896
  3897
  3896
  3897
  3895
  3897
  3895
  3896
  3897
  3900
  3895
  3896
  3897
  3895
  3896
  3893
  3892
  3587
  3701
  3431
  3895
  3098
  3094
  3572
  3207
  2761
  2757
  2916
  2738
  2996
  2803
  2256
  2872
  2242
  2512
  2803
  2094
  2449
  1817
  2298
  2015
  1994
  1884
  1466
  1981
  1343
  2046
  2006
  1127
  1200
  1560
  1424
  1839
  1819
   645
   809
  1175
   874
  1375
  1323
   447
   260
   850
   586
   728
   812
   186
   300
   753
   685
   452
   630
    40
    39
   428
   198
     4
   125
     0
     0
   292
   214
     0
   178
    81
     0
   140
    30
     0
     0
     0
     0
    18
    49
     0
     0
   116
    42
    94
    72
     0
     0
     0
     0
     0
   125
     0
     0
   194
   250
   250
   233
     0
     0
   203
    81
   274
   307
     0
   225
   519
   516
   408
   556
     0
    12
   186
    39
   361
   562
     0
   801
   582
   642
   766
   694
   126
   384
   187
   101
   424
   868
   624
  1088
   781
   837
   851
   467
   374
   471
   452
   920
  1098
   384
   489
   922
   758
  1006
   729
   578
   733
   619
   435
  1134
   945
   892
   681
   936
   686
   690
   732
   515
   811
   748
   517
   972
   598
   642
   681
   667
   439
   724
   406
   416
   935
   633
   490
   931
   512
   286
   395
   317
   337
   235
    90
   530
   567
   785
   239
   384
   117
   224
   367
   213
   205
   413
    55
    78
   337
   515
   282
   380
     0
   103
   101
    40
   282
   244
     0
    31
   377
   269
   168
   489
    95
   176
     0
     0
    75
   415
     0
     0
   203
    84
   269
     0
   103
   322
   127
    96
   125
   411
   300
    92
   259
   324
   281
   199
   282
   373
   220
   140
   300
   437
   377
   226
   424
   439
   302
   269
   260
   307
   122
   281
   226
   415
   395
   332
   333
   448
   508
   346
   178
   143
   265
   161
   351
   354
   202
   233
   447
   320
   322
   304
   157
  1101
    36
   150
   274
   528
   393
   238
   368
   147
     4
   411
     0
   378
   253
    39
   482
   309
   416
   413
   108
   364
     0
   348
    36
   330
   384
    48
   424
   182
   218
   952
   233
   165
   122
    21
    68
   272
   244
   268
   278
   332
    57
   435
    66
     0
    40
     0
    40
   140
   146
   156
    25
   291
   165
   122
     0
     0
     0
     0
     0
   109
    92
     0
     0
   143
     0
     0
     0
     0
     0
     0
     0
     0
     0
     0
    40
    43
   103
     0
     0
     0
     0
     0
     0
     0
     0
     0
     0
     0
     0
     0
     0
     0
     0
     0
     0
     0
     0
     0
     0
     0
     0
     0
     0
     0
     0
     0
     0
     0
     0
     0
     0
     0
     0
     0
     0
     0
     0
     0
     0
     0
     0
     0
     0
     0
     0
     0
     0
     0
     0
     0
     0
     0
     0
     0
     0
     0
     0
     0
     0
     0
     0
     0
     0
     0
     0
     0
     0
     0
     0
     0
     0
     0
     0
     0
     0
     0
     0
     0
     0
     0
     0
     0
     0
     0
     0
     0
     0
     0
     0
     0
     0
     0
     0
     0
     0
     0
     0
     0
     0
     0
     0
     0
     0
     0
     0
     0
     0
     0
     0
     0
     0
     0
     0
     0
     0
     0
     0
     0
     0
     0
     0
     0
     0
     0
     0
     0
     0
     0
     0
     0
     0
     0
     0
     0
     0
     0
     0
     0
     0
     0
     0
     0
     0
     0
     0
     0
     0
     0
     0
     0
     0
     0
     0
     0
     0
     0
     0
     0
     0
     0
     0
     0
     0
     0
     0
     0
     0
     0
     0
     0
     0
     0
     0
     0
     0
     0
     0
     0
     0
     0
     0
     0
     0
     0
     0
     0
     0
     0
     0
     0
     0
     0
     0
     0
     0
     0
     0
     0
     0
     0
     0
     0
     0
     0
     0
     0
     0
     0
     0
     0
     0
     0
     0
     0
     0
     0
     0
     0
     0
     0
     0
     0
     0
     0
     0
     0
     0
     0
     0
     0
     0
     0
     0
     0
     0
     0
     0
     0
     0
     0
     0
     0
     0
     0
     0
     0
     0
     0
     0
     0
     0
     0
     0
     0
     0
     0
     0
     0
     0
     0
     0
     0
     0
     0
     0
     0
     0
     0
     0
     0
     0
     0
     0
     0
     0
     0
     0
     0
     0
     0
     0
     0
     0
     0
     0
     0
     0
     0
     0
     0
     0
     0
     0
     0
     0
     0
     0
     0
     0
     0
     0
     0
     0
     0
     0
     0
     0
     0
     0
     0
     0
     0
     0
     0
     0
     0
     0
     0
     0
     0
