 1024  130    0

  2063
  2231
  2200
  2427
  2275
  2019
  2285
  2536
  2532
  2253
  2296
  2236
  2636
  2378
  2470
  2462
  2735
  2548
  2662
  2646
  2630
  2787
  2735
  2735
  2777
  2800
  2969
  2803
  2943
  2920
  3088
  3052
  2747
  3080
  2938
  3073
  3396
  3129
  3132
  3129
  3501
  3276
  3454
  3310
  3619
  3784
  3749
  3650
  3890
  3890
  3890
  3866
  3864
  3890
  3890
  3890
  3890
  3890
  3890
  3891
  3890
  3890
  3890
  3890
  3890
  3890
  3890
  3890
  3890
  3890
  3890
  3890
  3890
  3890
  3890
  3890
  3890
  3890
  3890
  3890
  3890
  3890
  3890
  3890
  3890
  3890
  3890
  3890
  3890
  3890
  3890
  3890
  3890
  3890
  3890
  3890
  3890
  3890
  3890
  3890
  3890
  3890
  3890
  3890
  3890
  3890
  3890
  3890
  3890
  3890
  3890
  3890
  3890
  3890
  3890
  3890
  3890
  3890
  3890
  3890
  3890
  3890
  3890
  3890
  3890
  3890
  3890
  3890
  3891
  3890
  3890
  3890
  3890
  3890
  3890
  3890
  3890
  3890
  3890
  3822
  3891
  3890
  3890
  3890
  3890
  3890
  3890
  3817
  3789
  3890
  3890
  3890
  3890
  3890
  3890
  3890
  3890
  3825
  3890
  3890
  3890
  3890
  3890
  3890
  3890
  3890
  3890
  3890
  3890
  3890
  3890
  3890
  3890
  3890
  3890
  3890
  3890
  3890
  3723
  3566
  3581
  3890
  3822
  3435
  3667
  3819
  3583
  3215
  3351
  2854
  3323
  3254
  3272
  3227
  3318
  3220
  3120
  2869
  2803
  3110
  2860
  2814
  2760
  2980
  2995
  2694
  2764
  2508
  2881
  2729
  2569
  2233
  2599
  2803
  2766
  2662
  2595
  2735
  2600
  2457
  2398
  3890
  2580
  2562
  2642
  2583
  2695
  2621
  2521
  2393
  2292
  3888
  2441
  2476
  2483
  2673
  2630
  2506
  2366
  1992
  2330
  2278
  2262
  2250
  2297
  2491
  2427
  2237
  2037
  2122
  2137
  1993
  1984
  2028
  2250
  2057
  2184
  2021
  2075
  2007
  1915
  1781
  1725
  2059
  2049
  1761
  1941
  2033
  2001
  1837
  1590
  1275
  1787
  1550
  1790
  1786
  1999
  1581
  1724
  1373
  1481
  1329
  1459
  1524
  1590
  1570
  1755
  1767
  1729
  1235
  1284
  1118
  1294
  1290
  1294
  1487
  1478
  1364
  1123
   968
  1074
  1101
  1018
  1018
  1236
  3888
  1173
  1065
  1080
   952
   781
   764
   723
   952
   957
  3888
   966
   876
   841
   728
   653
   562
   685
   711
   758
   836
   750
   801
   705
   655
   489
   419
   562
   573
   545
   530
   733
   686
   550
   556
   562
   515
   455
   322
   476
   593
   497
   429
   416
   464
   344
   316
   311
   424
   482
   441
   399
   364
   257
   286
   227
   182
   161
   292
   311
   300
   286
   268
   355
   194
   123
     9
   203
   173
   166
   173
   156
   231
   157
   120
    92
   182
   161
   150
   135
   129
   165
   114
    78
    44
    21
   117
   117
   146
   146
   229
   198
   130
    61
     4
    47
    49
    92
   130
   247
   273
   224
   165
   103
   117
    40
    40
    20
   146
   195
   235
   239
   234
   269
   166
   101
     0
    86
   110
   125
   190
   244
   312
   289
   242
   170
   114
   166
   133
   136
   151
   226
   164
   278
   291
   253
   300
   244
   229
   199
   260
   234
   239
   268
   286
   364
   395
   352
   324
   429
   394
   342
   291
   302
   311
   328
   338
   384
   480
   538
   556
   519
   489
   504
   391
   322
   594
   291
   352
   467
   537
   601
   738
   664
   608
   495
   318
   322
   289
   302
   437
   656
   663
   806
   729
   619
   598
   404
   239
   250
   424
   523
   556
   801
   621
   876
   577
   530
   248
   250
   226
   432
  1123
   625
   758
   772
   640
   572
  3888
   328
   183
   296
   367
   601
   722
   664
   621
   456
    25
   395
   276
   234
   445
   478
   435
   559
   276
   494
   407
   272
   324
   294
   363
   415
   461
   467
   523
   425
   300
   239
    73
   234
   302
   351
   429
   545
   478
   395
   281
   138
    66
   161
   247
   304
   473
   482
   461
   351
   176
   231
   125
   122
   211
   330
   218
   497
   464
   402
   352
   164
    79
   136
   181
   334
   582
   458
   469
   497
   390
   289
    92
   157
   289
   307
   395
   463
   529
   521
   281
   294
   140
   307
   281
   335
   385
   468
   476
   458
   390
   351
   408
   337
   302
   312
   419
   503
   472
   468
   408
   447
   415
   352
   322
   278
   346
   365
   373
   406
   494
   497
  1044
   360
   299
   322
   281
   280
   308
   406
   478
   528
   478
   446
   473
   322
   192
   164
   229
   337
   458
   540
   562
   670
   534
   358
   439
    56
     9
   209
   413
   562
   640
   770
   499
   386
    91
    68
  3888
   134
   415
   624
   872
   800
   767
   627
   500
     6
     0
     0
   199
   632
   864
   967
   780
   883
   495
    64
     0
     0
   161
   478
   696
   962
  1139
   905
   538
   207
     0
     0
    81
   416
   637
  1043
   959
   894
   676
   230
     0
     0
     0
   148
   633
   915
   927
   919
   611
   256
    46
     0
     0
    99
   343
   508
   624
   692
   543
   428
    99
    34
     0
     0
    78
   187
   328
   428
   395
   352
   265
    87
     0
    27
     0
     0
    73
   156
   178
   176
   196
   165
   114
    61
     9
     0
     0
     0
     0
     9
    43
   129
   152
    78
    65
     0
     0
     0
     0
     0
     0
    39
    62
    43
    91
     0
     0
     0
     0
     0
     0
     0
     0
    42
    26
     0
     0
     0
     0
     0
     0
     0
     0
     0
     0
     0
     0
     0
     0
     0
     0
     0
     0
     0
     0
     0
     0
     0
     0
     0
     0
     0
     0
     0
     0
     0
     0
     0
     0
     0
     0
     0
     0
     0
     0
     0
     0
     0
     0
     0
     0
     0
     0
     0
     0
     0
     0
     0
     0
     0
     0
     0
     0
     0
     0
     0
     0
     0
     0
     0
     0
     0
     0
     0
     0
     0
     0
     0
     0
     0
     0
     0
     0
     0
     0
     0
     0
     0
     0
     0
     0
     0
     0
     0
     0
     0
     0
     0
     0
     0
     0
     0
     0
     0
     0
     0
     0
     0
     0
     0
     0
     0
     0
     0
     0
     0
     0
     0
     0
     0
     0
     0
     0
     0
     0
     0
     0
     0
     0
     0
     0
     0
     0
     0
     0
     0
     0
     0
     0
     0
     0
     0
     0
     0
     0
     0
     0
     0
     0
     0
     0
     0
     0
     0
     0
     0
     0
     0
     0
     0
     0
     0
     0
     0
     0
     0
     0
     0
     0
     0
     0
     0
     0
     0
     0
     0
     0
     0
     0
     0
     0
     0
     0
     0
     0
     0
     0
     0
     0
     0
     0
     0
     0
     0
     0
     0
     0
     0
     0
     0
     0
     0
     0
     0
     0
     0
     0
     0
     0
     0
     0
     0
     0
     0
     0
     0
     0
     0
     0
     0
     0
     0
     0
     0
     0
     0
     0
     0
     0
     0
     0
     0
     0
     0
     0
     0
     0
     0
     0
     0
     0
     0
     0
     0
     0
     0
     0
     0
     0
     0
     0
     0
     0
