 1024  130    0

  2220
  2242
  2181
  2337
  2401
  3890
  2297
  2402
  2473
  2512
  2440
  2349
  2534
  2606
  2579
  2554
  2698
  2714
  2682
  2630
  2653
  2803
  2798
  2747
  2776
  2787
  2999
  3890
  3036
  2911
  3093
  3058
  3032
  3024
  3051
  3271
  3296
  3077
  3296
  3593
  3492
  3360
  3445
  3397
  3683
  3442
  3748
  3723
  3890
  3890
  3890
  3890
  3890
  3890
  3890
  3890
  3890
  3890
  3890
  3890
  3890
  3890
  3890
  3890
  3890
  3891
  3890
  3890
  3890
  3890
  3890
  3890
  3890
  3890
  3890
  3890
  3891
  3890
  3890
  3890
  3890
  3890
  3891
  3890
  3890
  3890
  3890
  3890
  3891
  3890
  3890
  3890
  3890
  3890
  3890
  3890
  3890
  3890
  3890
  3890
  3890
  3890
  3890
  3890
  3890
  3890
  3890
  3890
  3890
  3890
  3890
  3890
  3890
  3890
  3890
  3890
  3890
  3890
  3890
  3890
  3890
  3890
  3890
  3890
  3890
  3890
  3890
  3890
  3890
  3890
  3890
  3890
  3890
  3890
  3890
  3890
  3890
  3890
  3890
  3845
  3890
  3890
  3890
  3890
  3890
  3890
  3835
  3779
  3748
  3890
  3890
  3890
  3890
  3890
  3890
  3890
  3890
  3754
  3890
  3890
  3890
  3890
  3890
  3890
  3890
  3890
  3890
  3890
  3890
  3890
  3890
  3890
  3890
  3890
  3890
  3890
  3890
  3890
  3763
  3630
  3527
  3462
  3769
  3415
  3572
  3375
  3587
  3474
  3284
  2744
  3296
  3296
  3254
  3152
  3258
  3193
  3141
  2921
  2724
  2672
  2854
  2808
  2747
  2736
  2935
  2675
  2682
  2413
  2735
  2662
  2625
  2558
  2579
  2765
  2703
  2661
  2597
  2705
  2588
  2454
  2417
  2408
  2595
  2621
  2621
  2606
  2666
  2590
  2479
  2418
  2267
  2194
  2456
  2404
  2461
  2625
  2608
  2505
  2319
  2012
  2339
  2279
  2258
  2256
  2282
  2452
  2372
  2278
  2178
  2006
  2122
  1997
  2036
  2015
  2223
  2205
  2204
  2119
  2079
  1897
  1795
  1529
  1729
  2021
  1986
  1992
  1958
  2081
  1888
  1746
  1581
  2096
  1729
  1745
  1763
  1785
  2018
  1696
  1708
  1343
  1473
  1368
  1477
  1496
  1563
  1585
  1700
  1622
  1540
  1481
  1372
  1279
  1273
  1292
  1294
  1606
  1517
  1199
  1258
  1128
  1210
  1009
  1035
  1028
  1284
  1044
  1167
  1069
  1166
   970
   753
   556
   733
   966
   981
   802
   998
   885
   848
   688
   642
  3888
   655
   670
   812
   802
   738
   794
   748
   634
   503
   425
   572
   508
   545
   494
   724
   701
   577
   458
   541
   499
   454
   447
   458
   559
   521
   489
   424
   452
   320
   317
   322
   348
   476
   433
   421
   348
   216
   165
   218
   181
   169
   300
   322
   334
   274
   207
   291
   221
   146
   101
   191
   176
   156
   170
   188
   253
   199
   116
    92
   182
   172
   138
   133
   109
   114
   122
    75
    36
     6
   114
   125
   133
   146
   224
   178
   120
    53
     4
    40
    46
    90
   131
   251
   255
   213
   150
    91
   108
    40
    34
    26
   136
   205
   247
   233
   233
   251
   159
   109
    36
    90
    91
    86
   157
   185
   328
   299
   250
   159
    99
   157
   114
   103
   146
   235
   247
   281
   260
   229
   291
   259
   209
   185
   248
   238
   230
   255
   268
   335
   373
   355
   250
   429
   380
   343
   289
   266
   302
   312
   335
   373
   486
   528
   541
   545
   487
   507
   421
   339
   295
   244
   355
   437
    82
   602
   720
   680
   636
   491
   190
   291
   224
   342
   425
   705
   621
   788
   753
   642
   537
   386
   211
   244
   425
   525
   572
   785
   634
   871
   711
   529
   332
   237
   476
   458
  3198
   619
   822
   725
   670
   588
   380
   335
   176
   289
   352
   597
   896
   688
   633
   497
   515
   322
   178
   256
   398
   455
   519
   490
   489
   506
   373
   269
    99
   341
   360
   420
   459
   467
   517
   396
   294
   230
   168
   127
   250
   337
   312
   529
   503
   369
   269
   146
    51
   166
   250
   352
   481
   482
   459
   351
   209
   205
   140
   135
   204
   322
   556
   476
   438
   378
   332
   200
   162
   114
   181
   352
   346
   458
   471
   478
   373
   270
  3888
   168
   259
   298
   386
   529
   467
   478
   412
   300
   364
   312
   291
   322
   359
   467
   459
   473
   400
   342
   376
   337
   298
   320
   312
   415
   441
   417
   406
   463
   474
   364
   317
   294
   300
   415
   365
   389
   497
   498
   450
   372
   265
   311
   312
   286
   292
   407
   507
   528
   463
   413
   422
   300
   200
   133
   242
   391
   395
   515
   547
   644
   493
   309
    90
    82
    78
   247
   443
   590
  3887
   758
   616
   309
    39
    46
     0
    66
   378
   715
   833
   848
   741
   530
  3888
     0
     0
     0
   335
   697
   911
   931
   728
   750
   413
    74
     0
     0
   217
   533
   911
   972
   922
   941
   502
     0
     0
     0
    74
   549
   857
  1075
  1014
   841
   369
    74
     0
     0
     0
   307
   702
   905
   903
   836
   494
   198
    42
     0
     0
   147
   380
   552
   632
   668
   584
   402
    60
     0
     0
    10
    87
   242
   334
   434
   269
   295
   178
    73
     0
     0
    10
     0
    64
   156
   176
   212
   159
   179
    60
    34
     0
     0
     0
     0
     0
    20
   105
   114
   117
    62
    46
     0
     0
     0
     0
     0
     0
    40
    30
    44
    69
     0
     0
     0
     0
     0
     0
     0
     0
    22
    20
     0
     0
     0
     0
     0
     0
     0
     0
     0
     0
     0
     0
     0
     0
     0
     0
     0
     0
     0
     0
     0
     0
     0
     0
     0
     0
     0
     0
     0
     0
     0
     0
     0
     0
     0
     0
     0
     0
     0
     0
     0
     0
     0
     0
     0
     0
     0
     0
     0
     0
     0
     0
     0
     0
     0
     0
     0
     0
     0
     0
     0
     0
     0
     0
     0
     0
     0
     0
     0
     0
     0
     0
     0
     0
     0
     0
     0
     0
     0
     0
     0
     0
     0
     0
     0
     0
     0
     0
     0
     0
     0
     0
     0
     0
     0
     0
     0
     0
     0
     0
     0
     0
     0
     0
     0
     0
     0
     0
     0
     0
     0
     0
     0
     0
     0
     0
     0
     0
     0
     0
     0
     0
     0
     0
     0
     0
     0
     0
     0
     0
     0
     0
     0
     0
     0
     0
     0
     0
     0
     0
     0
     0
     0
     0
     0
     0
     0
     0
     0
     0
     0
     0
     0
     0
     0
     0
     0
     0
     0
     0
     0
     0
     0
     0
     0
     0
     0
     0
     0
     0
     0
     0
     0
     0
     0
     0
     0
     0
     0
     0
     0
     0
     0
     0
     0
     0
     0
     0
     0
     0
     0
     0
     0
     0
     0
     0
     0
     0
     0
     0
     0
     0
     0
     0
     0
     0
     0
     0
     0
     0
     0
     0
     0
     0
     0
     0
     0
     0
     0
     0
     0
     0
     0
     0
     0
     0
     0
     0
     0
     0
     0
     0
     0
     0
     0
     0
     0
     0
     0
     0
     0
     0
     0
     0
     0
     0
     0
     0
