 1024  130    0

  2197
  2188
  2146
  2300
  2361
  2027
  2248
  2366
  2432
  2324
  2387
  2324
  2486
  2630
  2547
  2493
  2675
  2713
  2657
  2626
  2566
  2765
  2776
  2502
  2753
  2759
  3006
  2747
  2933
  2908
  3129
  2954
  3056
  3036
  3020
  3236
  3279
  3068
  3276
  3484
  3462
  3289
  3441
  3367
  3644
  3518
  3711
  3679
  3890
  3884
  3890
  3890
  3890
  3890
  3890
  3890
  3890
  3890
  3890
  3890
  3890
  3890
  3890
  3890
  3890
  3890
  3890
  3890
  3890
  3890
  3890
  3890
  3890
  3890
  3890
  3890
  3890
  3890
  3890
  3890
  3890
  3890
  3890
  3890
  3890
  3890
  3890
  3890
  3890
  3890
  3890
  3890
  3890
  3890
  3890
  3890
  3891
  3890
  3890
  3890
  3890
  3890
  3890
  3890
  3890
  3890
  3890
  3890
  3890
  3890
  3890
  3890
  3890
  3890
  3890
  3890
  3890
  3890
  3891
  3890
  3890
  3890
  3890
  3890
  3890
  3890
  3890
  3890
  3890
  3891
  3890
  3890
  3890
  3890
  3890
  3890
  3891
  3890
  3890
  3890
  3890
  3890
  3890
  3890
  3890
  3890
  3890
  3890
  3836
  3890
  3890
  3890
  3890
  3890
  3890
  3890
  3890
  3540
  3890
  3890
  3890
  3890
  3890
  3890
  3890
  3890
  3890
  3890
  3890
  3890
  3890
  3890
  3890
  3890
  3890
  3890
  3890
  3890
  3890
  3762
  3701
  3585
  3890
  3890
  3788
  3890
  3748
  3662
  3531
  3004
  3410
  3420
  3359
  3302
  3394
  3288
  3246
  3112
  2877
  2776
  2912
  2848
  2828
  3041
  2999
  2954
  2868
  2726
  2828
  2710
  2652
  2500
  2616
  2796
  2796
  2768
  2703
  2740
  2599
  2583
  2497
  2445
  2610
  2703
  2687
  2679
  2778
  2674
  2599
  2435
  2370
  2361
  2496
  2528
  2526
  2703
  2722
  2396
  2422
  2283
  2454
  2348
  2344
  2330
  2340
  2562
  2478
  2384
  2304
  2352
  2202
  1932
  2096
  2105
  2292
  2288
  2292
  2179
  2236
  2116
  1945
  1622
  1804
  2040
  2100
  1864
  2032
  2172
  2101
  1942
  1721
  1404
  1820
  1802
  1821
  1876
  2100
  1825
  1839
  1496
  1581
  1425
  1576
  1581
  1617
  1651
  1810
  1728
  1682
  1538
  1524
  1391
  1368
  1374
  1362
  1600
  1615
  1326
  1343
  1216
  1317
  1157
  1080
   889
  1356
  1141
  1280
  1154
  1278
  1127
   900
   633
   802
  1035
  1144
   889
  1078
   998
  1037
   868
   729
   411
   744
   783
   836
   822
   845
   971
   915
   768
   580
   507
   664
   649
   624
   649
   789
   792
   668
   614
   744
   630
   521
   343
   540
   519
   582
   482
   487
   540
   467
   385
   407
   378
   554
   524
   500
   429
   295
  3888
   290
   224
   207
   334
   364
   373
   332
   287
   352
   282
   185
   127
   244
   229
   198
   212
   207
   260
   213
   159
   146
   216
   178
   168
   168
   153
   212
   156
   114
    74
    51
   130
   166
   166
   162
   300
   226
   156
    78
    20
    66
    62
   101
   143
   260
   289
   276
    70
   122
  3888
    55
    46
    40
   169
   216
   278
   265
   238
   259
   209
   147
    73
   103
   114
   112
   174
   244
   322
   304
   259
   207
   112
   161
   126
    99
   151
   234
   256
   295
   199
   226
   312
   278
   255
   198
   253
   244
   253
   243
   276
   342
   364
   369
   339
   435
   384
   348
   312
   286
   313
   328
   303
   365
   476
   521
   508
   490
   446
   512
   429
   337
   244
   281
   328
   447
   533
   550
   731
   693
   588
   478
   269
   322
   299
   307
   411
   679
   621
   781
   732
   606
   577
   426
   244
   244
   378
   452
   737
   806
   660
   877
   590
   491
   178
   200
   185
   447
   478
   629
   633
   809
   655
   573
   315
   343
   192
   292
   337
   550
   469
   660
   633
   486
   320
   348
   253
   259
   406
   439
   515
   508
   486
   524
   339
   255
   563
   298
   343
   424
   455
   467
   542
   477
   292
   253
    99
   233
   283
   344
   425
   512
   484
   415
   273
   156
   101
   164
   191
   332
   485
   486
   472
   369
   216
   212
     0
   125
   199
   294
   417
   494
   422
   400
   373
   217
     0
   108
   144
   335
   394
   467
   461
   478
   395
   304
   205
   147
   252
   289
   369
   447
   530
   478
   424
   328
   161
   302
   296
   309
   376
   484
   478
   452
   417
   355
   359
   348
   313
   316
   411
   412
   443
   458
   415
   422
   415
   369
   332
   272
   352
   363
   380
   384
   491
   517
   455
   369
   239
   335
   292
   274
   311
   425
   432
   515
   502
   463
   452
   342
   212
   198
   237
   325
   425
   546
   439
   666
   568
   451
   390
    75
    92
   176
   322
   540
   663
   777
   552
   495
   153
    51
     0
    94
   281
   640
   812
   846
   851
   664
   116
    52
     0
     0
   186
   593
   868
   978
   770
   858
   659
   179
     0
     0
    31
   415
   727
  1030
  1132
   998
   469
   166
     0
     0
    42
   407
   598
  1027
  1106
   935
   753
   403
    17
     0
     0
    86
   520
   896
   872
   906
   744
   411
   134
     0
     0
    42
   307
   536
   788
   706
   716
   482
   136
    88
     0
    38
   100
   248
  3887
   413
   429
   373
   270
   186
     0
    31
     9
     3
    73
   151
   205
   198
   217
   255
   164
    57
  3887
    36
     0
     4
     0
    31
    51
   150
   157
   105
   125
    20
     0
     0
     0
     0
     0
    83
    94
    73
   174
    26
     0
     0
     0
     0
     0
     0
     0
    60
    60
    31
     0
     0
     0
     0
     0
     0
     0
     0
     0
     0
     0
     0
     0
     0
     0
     0
     0
     0
     0
     0
     0
     0
     0
     0
     0
     0
     0
     0
     0
     0
     0
     0
     0
     0
     0
     0
     0
     0
     0
     0
     0
     0
     0
     0
     0
     0
     0
     0
     0
     0
     0
     0
     0
     0
     0
     0
     0
     0
     0
     0
     0
     0
     0
     0
     0
     0
     0
     0
     0
     0
     0
     0
     0
     0
     0
     0
     0
     0
     0
     0
     0
     0
     0
     0
     0
     0
     0
     0
     0
     0
     0
     0
     0
     0
     0
     0
     0
     0
     0
     0
     0
     0
     0
     0
     0
     0
     0
     0
     0
     0
     0
     0
     0
     0
     0
     0
     0
     0
     0
     0
     0
     0
     0
     0
     0
     0
     0
     0
     0
     0
     0
     0
     0
     0
     0
     0
     0
     0
     0
     0
     0
     0
     0
     0
     0
     0
     0
     0
     0
     0
     0
     0
     0
     0
     0
     0
     0
     0
     0
     0
     0
     0
     0
     0
     0
     0
     0
     0
     0
     0
     0
     0
     0
     0
     0
     0
     0
     0
     0
     0
     0
     0
     0
     0
     0
     0
     0
     0
     0
     0
     0
     0
     0
     0
     0
     0
     0
     0
     0
     0
     0
     0
     0
     0
     0
     0
     0
     0
     0
     0
     0
     0
     0
     0
     0
     0
     0
     0
     0
     0
     0
     0
     0
     0
     0
     0
     0
     0
     0
     0
     0
     0
     0
     0
     0
     0
     0
     0
     0
     0
     0
     0
     0
     0
     0
     0
     0
