 1024  130    0

  2223
  2231
  2192
  2331
  2432
  3890
  2292
  2413
  2486
  2512
  2426
  2354
  2528
  2604
  2583
  2532
  2699
  2725
  2687
  2642
  2621
  2796
  2794
  2765
  2755
  2791
  2994
  2821
  2944
  2921
  3110
  3073
  3043
  3045
  3072
  3281
  3308
  2969
  3297
  3507
  3474
  3484
  3468
  3437
  3702
  3450
  3741
  3706
  3890
  3890
  3890
  3890
  3890
  3890
  3890
  3890
  3890
  3890
  3890
  3890
  3890
  3890
  3890
  3891
  3890
  3890
  3890
  3890
  3890
  3890
  3890
  3890
  3890
  3890
  3890
  3890
  3890
  3890
  3890
  3890
  3890
  3890
  3890
  3890
  3890
  3890
  3890
  3891
  3890
  3890
  3890
  3890
  3890
  3890
  3890
  3890
  3891
  3892
  3890
  3890
  3890
  3890
  3890
  3890
  3890
  3890
  3890
  3890
  3890
  3890
  3890
  3890
  3890
  3890
  3890
  3890
  3890
  3890
  3890
  3890
  3890
  3890
  3890
  3890
  3890
  3890
  3890
  3890
  3890
  3890
  3890
  3890
  3890
  3890
  3890
  3890
  3890
  3890
  3847
  3819
  3890
  3890
  3890
  3890
  3890
  3890
  3878
  3786
  3745
  3888
  3890
  3890
  3890
  3890
  3890
  3890
  3890
  3795
  3890
  3890
  3890
  3890
  3890
  3890
  3890
  3890
  3890
  3890
  3890
  3890
  3890
  3890
  3890
  3890
  3890
  3890
  3890
  3890
  3697
  3519
  3562
  3890
  3753
  3680
  3510
  3890
  3890
  3312
  3058
  2994
  3503
  3318
  3245
  2770
  3184
  3385
  3260
  2899
  2743
  2933
  2724
  2672
  2899
  3007
  2755
  2639
  2881
  2976
  2805
  2517
  2542
  2427
  2613
  2725
  2747
  2735
  2658
  2677
  2557
  2527
  2417
  2376
  2579
  2616
  2584
  2569
  2712
  2713
  2516
  2256
  2339
  2545
  2553
  2144
  2222
  3245
  2782
  2662
  2179
  2012
  2358
  2372
  2262
  2223
  2285
  2488
  2348
  2276
  2246
  2262
  2033
  1750
  2038
  2033
  2211
  2204
  2214
  2077
  1786
  2244
  2284
  1821
  1622
  1888
  2071
  1947
  1990
  1742
  1828
  2015
  1772
  1492
  1715
  1756
  1772
  1759
  2025
  1786
  1789
  1268
  1470
  1750
  1516
  1492
  1546
  1606
  1756
  1360
  1691
  1622
  1647
  1166
  1144
  1412
  1477
  2458
  1248
  3888
  1478
  1279
  1101
   790
  1061
  1044
  1243
  1252
  1243
  1132
  1065
   889
   851
   746
   725
   948
  1000
   851
   952
   868
   979
   827
   645
   711
   694
   711
   757
   753
   768
   881
   762
   621
   510
   473
   572
   538
   567
   586
   710
   649
   592
   540
   607
   499
   458
   447
   467
   597
   537
   441
   399
   447
   376
   348
   328
   330
   476
   481
   442
   351
   248
   277
   229
   187
   165
   294
   311
   322
   322
   282
   312
   235
   168
   129
   188
   183
   168
   186
   165
   217
   170
   126
    87
   185
   168
   153
   146
   121
   177
   146
    92
    31
     9
   125
   125
   153
   140
   239
   192
   133
    47
     4
    53
    44
    73
   135
   244
   263
   234
   140
   110
   131
    78
    31
    20
   125
   186
   230
   251
   224
   265
   186
   101
    42
    88
    90
   138
   182
   234
   317
   291
   234
   168
    92
   151
   126
   140
   159
   214
   259
   292
   268
   259
   317
   247
   198
   165
   259
   239
   250
   250
   292
   352
   432
   321
   341
   428
   378
   344
   296
   253
   317
   317
   333
   389
   485
   546
   550
   515
   473
   521
   395
   316
   244
   260
   315
   467
   465
   594
   738
   675
   598
   452
  3888
   300
   291
   324
   450
   655
   945
   822
   780
   602
   441
   415
    55
   257
   420
   486
   322
   796
   614
   796
   705
   485
    92
   226
   230
   416
   542
   647
   922
   767
   666
   542
  3711
   315
  3323
   306
   359
   601
   560
   660
   615
   432
  3890
   315
   256
   261
   411
   545
   437
   529
   478
   489
   432
   269
   123
   295
   335
   437
   482
   461
   519
   417
   292
   213
    83
   248
   294
   364
   406
   582
   209
   378
   183
   156
  3888
   161
   229
   337
   482
   500
   463
   358
   229
   208
   140
   186
   122
   372
   342
   506
   478
   393
   360
   220
   176
   129
   151
   318
   424
   461
   459
   468
   369
   299
   221
   146
   260
   309
   395
   541
   497
   489
   421
   347
   263
   205
   286
   335
   363
   460
   476
   425
   399
   338
   378
   312
   346
   309
   407
   441
   434
   432
   429
   478
   400
   364
   312
   299
   354
   354
   378
   378
   502
   484
   482
   413
   287
   316
   406
   286
   300
   424
   489
   486
   490
   420
   420
   306
   225
   173
   230
   343
   478
   536
   458
   655
   529
   386
   134
   107
    62
   169
   330
   588
   642
   755
   668
   438
  2432
    18
     0
   152
   337
   602
   698
   877
   602
   577
   332
     9
     0
     0
   194
   592
   905
   913
   790
   822
   455
    20
     0
     0
   104
   482
   670
  1061
  1014
   922
   498
    75
     0
     0
    95
   406
   675
  1101
  1037
   854
   536
   224
     0
     0
  3887
   170
   668
   919
   905
   871
   572
   283
    31
     0
     0
    88
   344
   563
   592
   697
   616
   378
     0
    31
    25
    18
   114
   237
   283
   461
  3887
   332
   225
   113
    73
    36
     0
    40
    62
   140
   170
   203
   165
   166
   125
    75
     0
     0
     0
     0
     0
    16
   104
   150
   131
    75
    78
     0
     0
     0
     0
     0
     0
   109
    64
    51
    78
     0
     0
     0
     0
     0
     0
     0
     0
    70
     9
     0
     0
     0
     0
     0
     0
     0
     0
     0
     0
     0
     0
     0
     0
     0
     0
     0
     0
     0
     0
     0
     0
     0
     0
     0
     0
     0
     0
     0
     0
     0
     0
     0
     0
     0
     0
     0
     0
     0
     0
     0
     0
     0
     0
     0
     0
     0
     0
     0
     0
     0
     0
     0
     0
     0
     0
     0
     0
     0
     0
     0
     0
     0
     0
     0
     0
     0
     0
     0
     0
     0
     0
     0
  3887
     0
     0
     0
     0
     0
     0
     0
     0
     0
     0
     0
     0
     0
     0
     0
     0
     0
     0
     0
     0
     0
     0
     0
     0
     0
     0
     0
     0
     0
     0
     0
     0
     0
     0
     0
     0
     0
     0
     0
     0
     0
     0
     0
     0
     0
     0
     0
     0
     0
     0
     0
     0
     0
     0
     0
     0
     0
     0
     0
     0
     0
     0
     0
     0
     0
     0
     0
     0
     0
     0
     0
     0
     0
     0
     0
     0
     0
     0
     0
     0
     0
     0
     0
     0
     0
     0
     0
     0
     0
     0
     0
     0
     0
     0
     0
     0
     0
     0
     0
     0
     0
     0
     0
     0
     0
     0
     0
     0
     0
     0
     0
     0
     0
     0
     0
     0
     0
     0
     0
     0
     0
     0
     0
     0
     0
     0
     0
     0
     0
     0
     0
     0
     0
     0
     0
     0
     0
     0
     0
     0
     0
     0
     0
     0
     0
     0
     0
     0
     0
     0
     0
     0
     0
     0
     0
     0
     0
     0
     0
     0
     0
     0
     0
     0
     0
     0
     0
     0
     0
     0
     0
     0
     0
     0
