 1024  130    0

  2236
  2226
  2185
  2334
  2405
  2292
  2288
  2398
  2465
  2505
  2409
  2339
  2526
  2588
  2583
  2527
  2691
  2713
  2692
  2621
  2621
  2818
  2803
  2765
  2760
  2787
  3004
  3111
  2972
  2933
  3123
  3115
  3026
  3071
  3052
  3250
  3311
  3073
  3272
  3524
  3503
  3652
  3431
  3414
  3702
  3513
  3734
  3714
  3890
  3890
  3890
  3890
  3888
  3890
  3890
  3890
  3891
  3890
  3890
  3890
  3890
  3890
  3890
  3890
  3890
  3890
  3890
  3890
  3890
  3890
  3890
  3890
  3890
  3890
  3890
  3890
  3890
  3890
  3890
  3890
  3890
  3890
  3890
  3890
  3890
  3890
  3890
  3891
  3890
  3890
  3890
  3891
  3890
  3890
  3890
  3890
  3890
  3890
  3890
  3891
  3890
  3890
  3890
  3890
  3890
  3890
  3890
  3890
  3890
  3891
  3890
  3890
  3890
  3890
  3891
  3890
  3890
  3890
  3890
  3890
  3890
  3890
  3890
  3890
  3890
  3890
  3891
  3890
  3890
  3890
  3890
  3890
  3890
  3890
  3890
  3890
  3890
  3890
  3890
  3825
  3890
  3890
  3890
  3890
  3890
  3890
  3888
  3795
  3743
  3890
  3890
  3890
  3890
  3890
  3890
  3890
  3890
  3817
  3890
  3890
  3890
  3890
  3890
  3890
  3890
  3890
  3890
  3890
  3890
  3890
  3890
  3890
  3890
  3890
  3890
  3890
  3890
  3890
  3749
  3619
  3609
  3890
  3806
  3741
  3656
  3817
  3747
  3207
  3373
  2881
  3290
  3332
  3323
  3193
  3311
  3316
  3193
  2994
  2776
  2696
  2803
  2785
  2782
  3011
  2965
  2500
  2796
  2757
  2826
  2651
  2575
  2414
  2579
  2744
  2735
  2725
  2691
  2704
  2569
  2493
  2464
  2397
  2588
  2604
  2682
  2704
  2735
  2642
  2519
  2265
  2288
  1992
  2414
  2475
  2493
  2639
  2618
  2530
  2402
  2066
  2375
  2278
  2246
  2262
  2298
  2488
  2408
  2284
  2218
  2204
  2142
  2042
  2036
  2044
  2268
  1998
  2214
  2122
  2153
  2029
  1902
  1555
  1750
  1984
  2019
  1816
  1950
  2096
  1988
  1858
  1650
  3627
  1734
  1748
  1765
  1798
  2006
  2271
  1811
  1632
  1507
  1585
  1507
  1516
  1570
  1585
  1751
  1651
  1617
  1456
  1382
  1097
  1286
  1275
  1273
  1524
  1529
  1266
  1248
  1087
  1184
  1080
  1009
  1014
  1279
  1130
  1180
  1080
  1230
  1001
   797
   577
   780
   954
   992
   863
  1013
   907
   910
   819
   593
   372
   685
   790
   749
   777
   760
   905
   863
   632
   517
  1317
   603
   566
   628
   589
   751
   684
   551
   489
   559
   476
   468
   268
   468
   572
   512
   458
   390
   438
   355
   337
   342
   332
   502
   469
   459
   355
   260
   276
   244
   190
   164
   307
   330
   307
   300
   250
   312
   220
   152
   125
   203
   173
   179
    99
   153
   209
   182
   138
    96
   179
   156
   161
   140
   107
   176
   136
    90
    36
    21
   116
   117
   146
   136
   233
   192
   147
    57
    12
    51
    49
    78
    99
   237
   268
   239
   170
   153
   125
    62
    26
    31
   139
   188
   235
   250
   209
   270
   172
   108
    43
   108
   125
   127
   146
   169
   304
   296
   240
   186
   114
   153
   120
   114
   150
   203
   186
   269
   268
   252
   292
   278
   212
   181
   239
   224
   235
   265
   272
   337
   348
   358
   341
   428
   395
   335
   281
   237
   316
   296
   333
   399
   455
   514
   529
   499
   471
   511
   326
   334
   251
   295
   360
   395
   517
   562
   719
   706
   593
   486
  3311
   332
   278
   281
   369
   670
   667
   783
   750
   610
   467
   382
   233
   220
   384
   519
   530
   753
   671
   851
   698
   485
   239
   250
   152
   425
   532
   582
   811
   685
   654
   580
   426
   322
   226
   300
   348
   554
   582
   663
   655
   489
   390
   317
   239
   234
   390
   435
   330
   551
  3887
   508
   355
   195
   129
   307
   376
   429
   468
   494
   556
   406
   259
   214
   108
   216
   291
   351
   403
   497
   467
   433
   263
   156
    65
   153
   224
   330
   471
   497
   455
   347
   186
   207
   130
   148
   186
   342
    39
   491
   461
   374
   355
   207
   198
   109
   162
   348
   351
   467
   478
   456
   387
   307
   203
   166
   255
   322
   386
   435
   514
   469
   441
   300
  3888
   224
   291
   322
   359
   458
   452
   473
   398
   332
   387
   324
   299
   313
   387
   415
   416
   447
   320
   458
   400
   358
   309
   278
   352
   358
   292
   369
   494
   486
   881
   374
   300
   334
   295
   259
   289
   411
   476
   500
   473
   487
   441
   317
   230
   168
   229
   342
   454
   510
   562
   667
   523
   400
   123
    82
    87
   196
   385
   560
   655
   770
   525
   415
   129
    70
     0
   107
   317
   619
   962
   836
  3888
   607
   337
    20
     0
     0
   161
   550
   868
   933
   780
   877
   456
    49
     0
     0
    81
   373
   732
  1001
  1100
  1007
   580
   117
     0
     0
    75
   402
   675
  1060
  1035
   897
   677
   225
     0
     0
     0
   159
   647
   918
   923
   850
   608
   259
    16
     0
     0
    92
   332
   559
   628
   673
  3888
   417
     0
    40
     0
     9
   130
   292
   338
   438
   425
   307
   211
   120
    88
     9
     0
     0
    73
   140
   185
   207
   177
   198
   109
     9
     0
     0
     0
     0
     0
    16
   161
   156
   125
    73
    62
     0
     0
     0
     0
     0
     0
    40
    69
    49
    78
     0
     0
     0
     0
     0
     0
     0
     0
    36
    31
     0
     0
     0
     0
     0
     0
     0
     0
     0
     0
     0
     0
     0
     0
     0
     0
     0
     0
     0
     0
     0
     0
     0
     0
     0
     0
     0
     0
     0
     0
     0
     0
     0
     0
     0
     0
     0
     0
     0
     0
     0
     0
     0
     0
     0
     0
     0
     0
     0
     0
     0
     0
     0
     0
     0
     0
     0
     0
     0
     0
     0
     0
     0
     0
     0
     0
     0
     0
     0
     0
     0
     0
     0
     0
     0
     0
     0
     0
     0
     0
     0
     0
     0
     0
     0
     0
     0
     0
     0
     0
     0
     0
     0
     0
     0
     0
     0
     0
     0
     0
     0
     0
     0
     0
     0
     0
     0
     0
     0
     0
     0
     0
     0
     0
     0
     0
     0
     0
     0
     0
     0
     0
     0
     0
     0
     0
     0
     0
     0
     0
     0
     0
     0
     0
     0
     0
     0
     0
     0
     0
     0
     0
     0
     0
     0
     0
     0
     0
     0
     0
     0
     0
     0
     0
     0
     0
     0
     0
     0
     0
     0
     0
     0
     0
     0
     0
     0
     0
     0
     0
     0
     0
     0
     0
     0
     0
     0
     0
     0
     0
     0
     0
     0
     0
     0
     0
     0
     0
     0
     0
     0
     0
     0
     0
     0
     0
     0
     0
     0
     0
     0
     0
     0
     0
     0
     0
     0
     0
     0
     0
     0
     0
     0
     0
     0
     0
     0
     0
     0
     0
     0
     0
     0
     0
     0
     0
     0
     0
     0
     0
     0
     0
     0
     0
     0
     0
     0
     0
     0
     0
     0
     0
     0
     0
     0
     0
     0
     0
