 1024  130    0

   332
   300
   298
   364
   364
   437
   337
   459
   337
   292
   519
   688
   610
   364
   406
   393
   706
   294
   550
   675
   702
   711
   621
   698
   783
   744
   798
   819
   884
   879
  1091
   712
  1004
   988
   926
  1230
  1288
   935
  1154
  1457
  1409
  1100
  1310
  1299
  1698
  1270
  1537
  1208
  1966
  1543
  1860
  1893
  1893
  2304
  2287
  1810
  2178
  2137
  2639
  2141
  2579
  2621
  3137
  3186
  3207
  3132
  2999
  2860
  3427
  2891
  3396
  3900
  3888
  3822
  3741
  3701
  3900
  3900
  3900
  3510
  3901
  3900
  3900
  3900
  3897
  3900
  3905
  3900
  3900
  3900
  3905
  3901
  3900
  3900
  3901
  3903
  3900
  3900
  3900
  3900
  3900
  3900
  3900
  3900
  3900
  3900
  3901
  3899
  3900
  3899
  3900
  3900
  3900
  3900
  3900
  3900
  3900
  3900
  3900
  3900
  3900
  3900
  3900
  3900
  3899
  3903
  3903
  3900
  3901
  3901
  3901
  3900
  3900
  3900
  3901
  3900
  3899
  3900
  3900
  3900
  3900
  3900
  3900
  3900
  3900
  3900
  3900
  3900
  3900
  3900
  3900
  3900
  3900
  3900
  3900
  3900
  3903
  3900
  3900
  3897
  3903
  3901
  3900
  3900
  3900
  3900
  3900
  3900
  3900
  3900
  3905
  3900
  3900
  3900
  3900
  3900
  3900
  3900
  3900
  3900
  3900
  3900
  3901
  3900
  3900
  3900
  3900
  3900
  3901
  3904
  3900
  3900
  3900
  3905
  3899
  3900
  3900
  3900
  3899
  3903
  3901
  3900
  3900
  3900
  3900
  3900
  3900
  3900
  3901
  3901
  3900
  3900
  3900
  3900
  3900
  3900
  3901
  3900
  3900
  3900
  3900
  3900
  3897
  3900
  3900
  3900
  3900
  3900
  3900
  3901
  3900
  3900
  3900
  3903
  3897
  3901
  3900
  3900
  3900
  3900
  3900
  3900
  3900
  3900
  3900
  3901
  3901
  3903
  3900
  3900
  3900
  3897
  3900
  3900
  3900
  3900
  3905
  3900
  3900
  3900
  3900
  3900
  3900
  3900
  3900
  3900
  3903
  3900
  3901
  3900
  3900
  3900
  3900
  3900
  3904
  3900
  3900
  3900
  3900
  3900
  3904
  3900
  3900
  3900
  3900
  3901
  3904
  3900
  3900
  3900
  3900
  3901
  3900
  3900
  3900
  3900
  3900
  3899
  3900
  3900
  3900
  3900
  3900
  3392
  3864
  3775
  3734
  3605
  3901
  3900
  3773
  3786
  3687
  3682
  3159
  3088
  2982
  2883
  3503
  3462
  3383
  3277
  3333
  3086
  3125
  2967
  2755
  2744
  3142
  2782
  3106
  3392
  3103
  2800
  2538
  2522
  2696
  2662
  2740
  2712
  2998
  2514
  2458
  2220
  2246
  2068
  2244
  2162
  2126
  2417
  2366
  3899
  2047
  1632
  1920
  1750
  1746
  1638
  1721
  1825
  1704
  1569
  1537
  3900
  1591
  1356
  1201
  1069
  1290
  1131
  1294
  1184
  1279
  1066
   877
   611
   760
   837
   800
   728
   711
   746
   633
   484
   390
   239
   406
   413
   364
   387
   413
   458
   291
   200
   164
   247
   150
   203
   273
   198
   235
   269
   150
   122
   227
   205
   156
   129
    99
   213
   183
   117
   120
   151
   109
   101
    40
    40
   393
  3896
   110
     0
    62
     0
     0
     0
     0
     0
     0
     0
     9
     0
     0
     0
     0
     0
     0
     0
     0
     0
     0
     0
     0
     0
     0
     0
     0
     0
     0
     0
     0
     0
     0
     0
     0
  2982
     0
     0
     0
     0
     0
     0
     0
     0
     0
     0
     0
     0
     0
     0
     0
     0
     0
     0
     0
     0
     0
     0
     0
     0
     0
     0
     0
     0
     0
     0
     0
     0
     0
     0
     0
     0
     0
     0
     0
     0
     0
     0
     0
     0
     0
     0
     0
     0
     0
     0
     0
     0
     0
     0
     0
     0
     0
     0
     0
     0
     0
     0
     0
     0
     0
     0
     0
     0
     0
     0
     0
     0
     0
     0
     0
     0
     0
     0
     0
     0
     0
     0
     0
     0
     0
     0
     0
     0
     0
     0
     0
     0
     0
     0
     0
     1
     0
     0
     0
     0
     0
     0
    23
   177
   156
   146
   135
    53
   127
   146
    92
    40
   261
   320
   205
   226
   278
   270
   187
   242
   157
    25
   134
   146
   152
    91
   300
   170
   259
   212
    36
     0
    12
     0
     0
     0
    13
    23
    60
     0
    72
    64
     0
     0
     0
     0
     0
     0
     0
     0
     0
     0
     0
     0
     0
     0
     0
     0
     0
     0
     0
     0
    52
   224
    99
   122
   117
   123
    78
    72
    62
    82
   125
   133
   207
   255
   278
   274
   283
   224
   186
   218
   173
   172
   207
   233
   281
   272
   270
   261
   240
   143
   165
   127
    96
    26
    99
   156
   150
   104
    40
    42
     0
    82
    61
   378
     0
     0
     0
     0
     0
     0
     0
     0
     0
     0
     0
     0
     0
     0
     0
     0
     0
     0
     0
     0
     0
     0
     0
     0
     0
     0
     0
     0
     0
     0
     0
     0
     0
     0
     0
     0
     0
     0
     0
     0
     0
     0
     0
     0
    12
    46
   108
    60
     0
     0
     0
     0
     0
     0
     0
     0
     0
     0
    47
     0
     0
     0
     0
     0
     0
     0
     0
     0
     0
     0
     0
     0
     0
     0
     0
     0
     0
     0
     0
     0
     0
     0
     0
     0
     0
     0
     0
     0
     0
     0
     0
     0
     0
     0
     0
     0
     0
     0
     0
     0
     0
     0
     0
     0
     0
     0
     0
     0
     0
     0
     0
     0
     0
     0
     0
     0
     0
     0
     0
     0
     0
     0
     0
     0
     0
     0
     0
     0
     0
     0
     0
     0
     0
     0
     0
     0
     0
     0
     0
     0
     0
     0
     0
     0
     0
     0
     0
     0
     0
     0
     0
     0
     0
     0
     0
     0
     0
     0
     0
     0
     0
     0
     0
     0
     0
     0
     0
     0
     0
     0
     0
     0
     0
     0
     0
     0
     0
     0
     0
     0
     0
     0
     0
     0
     0
     0
     0
     0
     0
     0
     0
     0
     0
     0
     0
     0
     0
     0
     0
     0
     0
     0
     0
     0
     0
     0
     0
     0
     0
     0
     0
     0
     0
     0
     0
     0
     0
     0
     0
     0
     0
     0
     0
     0
     0
     0
     0
     0
     0
     0
     0
     0
     0
     0
     0
     0
     0
     0
     0
     0
     0
     0
     0
     0
     0
     0
     0
     0
     0
     0
     0
     0
     0
     0
     0
     0
     0
     0
     0
     0
     0
     0
     0
     0
     0
     0
     0
     0
     0
     0
     0
     0
     0
     0
     0
     0
     0
     0
     0
     0
     0
     0
     0
     0
     0
     0
     0
     0
     0
     0
     0
     0
     0
     0
     0
     0
     0
     0
     0
     0
     0
     0
     0
     0
     0
     0
     0
     0
     0
     0
     0
     0
     0
     0
     0
     0
     0
     0
     0
     0
     0
     0
     0
     0
     0
     0
     0
     0
     0
     0
     0
     0
     0
     0
     0
     0
     0
     0
     0
     0
     0
     0
     0
     0
     0
     0
     0
     0
     0
     0
     0
     0
     0
     0
     0
     0
     0
     0
     0
     0
     0
     0
