 1024  130    0

   697
   716
   642
   768
   798
   928
   896
   897
   719
   435
  1048
  1258
  1232
   566
   862
   883
  1421
  1080
  1131
   989
  1451
  1044
  1193
  1114
  1551
   953
  1416
  1509
  1686
  1300
  1919
  1429
  1911
  1852
  1807
  2246
  2334
  2101
  2140
  2848
  2718
  2735
  2681
  2532
  3117
  2579
  3038
  3036
  3756
  3554
  3305
  2682
  3457
  3899
  3836
  3171
  3734
  3728
  3903
  3901
  3901
  3900
  3900
  3897
  3900
  3900
  3900
  3900
  3900
  3901
  3900
  3900
  3900
  3900
  3900
  3904
  3900
  3900
  3900
  3900
  3900
  3905
  3901
  3900
  3900
  3900
  3900
  3905
  3900
  3900
  3900
  3900
  3900
  3901
  3901
  3900
  3900
  3900
  3900
  3897
  3900
  3900
  3900
  3900
  3900
  3900
  3900
  3900
  3904
  3900
  3900
  3900
  3900
  3901
  3900
  3900
  3905
  3900
  3901
  3900
  3900
  3900
  3900
  3900
  3900
  3900
  3905
  3905
  3901
  3900
  3901
  3900
  3900
  3900
  3900
  3900
  3900
  3901
  3900
  3900
  3900
  3900
  3900
  3900
  3900
  3900
  3900
  3900
  3900
  3904
  3897
  3900
  3900
  3900
  3903
  3900
  3900
  3901
  3900
  3900
  3903
  3900
  3903
  3900
  3903
  3900
  3900
  3900
  3901
  3900
  3903
  3903
  3900
  3901
  3900
  3900
  3901
  3905
  3900
  3900
  3900
  3900
  3900
  3904
  3903
  3901
  3900
  3900
  3900
  3900
  3900
  3900
  3900
  3900
  3903
  3900
  3897
  3900
  3900
  3900
  3900
  3900
  3901
  3901
  3900
  3900
  3900
  3900
  3900
  3900
  3900
  3900
  3903
  3900
  3900
  3900
  3900
  3901
  3901
  3903
  3900
  3900
  3903
  3900
  3900
  3900
  3900
  3900
  3900
  3900
  3900
  3900
  3900
  3901
  3900
  3900
  3900
  3900
  3900
  3900
  3900
  3900
  3900
  3901
  3900
  3900
  3900
  3901
  3900
  3900
  3900
  3900
  3900
  3900
  3900
  3900
  3900
  3905
  3900
  3900
  3900
  3900
  3900
  3900
  3900
  3901
  3900
  3901
  3900
  3903
  3900
  3900
  3900
  3900
  3901
  3900
  3900
  3900
  3900
  3900
  3900
  3900
  3900
  3901
  3900
  3900
  3900
  3900
  3901
  3900
  3900
  3900
  3901
  3900
  3900
  3900
  3900
  3900
  3900
  3903
  3900
  3900
  3901
  3900
  3900
  3900
  3900
  3900
  3900
  3905
  3900
  3900
  3900
  3900
  3900
  3900
  3900
  3900
  3900
  3900
  3900
  3900
  3900
  3900
  3900
  3900
  3900
  3900
  3900
  3900
  3900
  3900
  3900
  3900
  3773
  3619
  3861
  3769
  3900
  3727
  3900
  3900
  3431
  3211
  3163
  2811
  2982
  2852
  2733
  2725
  3021
  2725
  2787
  2324
  2467
  1784
  2046
  2226
  2339
  1997
  1897
  1955
  1986
  2111
  1975
  1695
  1507
  1607
  1504
  1472
  1591
  1587
  1517
  1405
  1180
   900
   933
   894
  1076
   946
   896
  1080
   911
   770
   582
  1456
   760
   559
   619
   421
   663
   725
   864
   300
   364
   455
   494
   396
   567
   507
   580
   694
   559
   435
   500
   417
   390
   342
   307
   447
   432
   372
   289
   346
   334
   294
   216
   269
   399
  3897
   286
   217
   174
   164
   148
     0
     0
     0
     0
     0
    73
    42
    53
    29
     0
     0
     0
     0
     0
     0
     0
     0
     0
     0
     0
     0
     0
     0
     0
     0
     0
     0
     0
     0
     0
     0
     0
     0
     0
     0
     0
     0
     0
     0
     0
     0
     0
     0
     0
     0
     0
     0
     0
     0
     0
     0
     0
     0
     0
     0
     0
     0
     0
     0
     0
     0
    60
    47
    82
    31
    21
   101
     5
     0
     0
     0
     0
     0
    68
    40
   103
    40
     0
     0
     0
     0
     0
     0
     0
     0
     0
     0
     0
     0
     0
     0
     0
     0
     0
     0
     0
     0
     0
     0
     0
     0
     0
     0
     0
     0
     0
     0
     0
     0
     0
     0
     0
     0
     0
     0
     0
    23
     0
     0
     0
     0
     0
    18
    18
   101
   269
    92
   161
   256
   226
   212
   196
   165
   342
   566
   478
   517
   506
   342
   447
   519
   380
   406
   468
   443
   633
   663
   634
   725
   588
   291
   364
   278
   352
   445
   432
   403
   608
   549
   523
   515
   276
    70
   165
   147
    87
   164
   170
   182
   291
   259
   352
   322
    73
   296
    78
    60
     0
   100
    90
    12
   165
   289
   296
   332
   352
   217
   146
    78
   185
   129
   182
   268
   445
   528
   562
   572
   495
   499
   507
   499
   434
   482
   508
   512
   675
   688
   720
   768
   723
   655
   602
   585
   564
   559
   500
   590
   664
   615
   690
   685
   582
   476
   556
   545
   395
   302
   415
   394
   369
   342
   446
   424
   351
   242
   272
   259
   157
    57
    82
    88
    78
    40
    78
   120
   120
    51
   120
   116
     0
     0
    13
    32
     0
     0
     0
     0
     6
    88
   140
   168
   103
     0
     0
     0
     0
     0
     0
   103
   244
   247
   332
   342
    62
     0
     0
     0
     0
     0
     0
    64
   378
   425
   499
   390
    72
     0
     0
     0
     0
     0
     0
   332
   415
   332
   390
   263
     0
     0
     0
     0
     0
     0
     0
    57
   161
    52
   261
   133
     0
     0
     0
     0
     0
     0
     0
     0
     0
     0
     0
     0
     0
     0
     0
     0
     0
     0
     0
     0
     0
     0
     0
     0
     0
     0
     0
     0
     0
     0
     0
     0
     0
     0
     0
     0
     0
     0
     0
     0
     0
     0
     0
     0
     0
     0
     0
     0
     0
     0
     0
     0
     0
     0
     0
     0
     0
     0
     0
     6
     0
     0
     0
     0
     0
     0
     0
     0
     0
     0
     0
    31
    51
    40
    60
    84
     0
     0
     0
     0
     0
     0
     0
     0
     0
     0
     0
    83
    36
     0
     0
     0
     0
     0
     0
     0
     0
     0
     0
     0
     0
     0
     0
    36
     0
     0
     0
     0
     0
     0
     0
     0
     0
     0
     0
     0
     0
     0
     0
     0
     0
     0
     0
     0
     0
     0
     0
     0
     0
     0
     0
     0
     0
     0
     0
     0
     0
     0
     0
     0
     0
     0
     0
     0
     0
     0
     0
     0
     0
     0
     0
     0
     0
     0
     0
     0
     0
     0
     0
     0
     0
     0
     0
     0
     0
     0
     0
     0
     0
     0
     0
     0
     0
     0
     0
     0
     0
     0
     0
     0
     0
     0
     0
     0
     0
     0
     0
     0
     0
     0
     0
     0
     0
     0
     0
     0
     0
     0
     0
     0
     0
     0
     0
     0
     0
     0
     0
     0
     0
     0
     0
     0
     0
     0
     0
     0
     0
     0
     0
     0
     0
     0
     0
     0
     0
     0
     0
     0
     0
     0
     0
     0
     0
     0
     0
     0
     0
     0
     0
     0
     0
     0
     0
     0
     0
     0
     0
     0
     0
     0
     0
     0
     0
     0
     0
     0
     0
     0
     0
     0
     0
     0
     0
     0
     0
     0
     0
     0
     0
     0
     0
     0
     0
     0
     0
     0
     0
     0
     0
     0
     0
     0
     0
     0
     0
     0
     0
     0
     0
     0
