 1024  130    0

   863
   855
   816
   935
   993
  1097
  1076
  1161
   915
   788
  1238
  2703
  1522
   733
  1024
  1300
  1564
  1391
  1347
  1248
  1522
  1647
  1456
  1729
  2206
  1507
  1791
  1820
  2075
  1555
  2271
  2115
  2223
  2209
  2244
  2743
  2812
  2781
  2699
  3279
  3276
  3117
  2777
  2886
  3896
  3020
  3347
  3279
  3900
  3900
  3903
  3900
  3900
  3901
  3900
  3900
  3900
  3900
  3900
  3900
  3900
  3900
  3901
  3900
  3900
  3900
  3900
  3900
  3900
  3900
  3900
  3900
  3900
  3904
  3900
  3900
  3900
  3900
  3900
  3900
  3904
  3900
  3901
  3900
  3905
  3900
  3900
  3900
  3901
  3900
  3897
  3900
  3901
  3901
  3900
  3900
  3904
  3900
  3900
  3901
  3903
  3900
  3903
  3900
  3900
  3900
  3900
  3901
  3900
  3900
  3900
  3900
  3900
  3900
  3903
  3900
  3900
  3900
  3897
  3900
  3900
  3900
  3900
  3900
  3900
  3903
  3900
  3900
  3900
  3900
  3900
  3900
  3900
  3900
  3900
  3899
  3905
  3900
  3900
  3900
  3904
  3897
  3900
  3900
  3900
  3900
  3901
  3900
  3900
  3900
  3900
  3900
  3903
  3900
  3900
  3900
  3900
  3900
  3900
  3900
  3900
  3900
  3900
  3903
  3900
  3900
  3900
  3900
  3903
  3900
  3904
  3900
  3900
  3900
  3900
  3901
  3901
  3900
  3903
  3901
  3901
  3903
  3899
  3900
  3900
  3900
  3900
  3900
  3900
  3900
  3901
  3903
  3901
  3900
  3900
  3900
  3900
  3900
  3900
  3903
  3900
  3900
  3901
  3900
  3900
  3901
  3901
  3900
  3900
  3900
  3903
  3900
  3900
  3900
  3903
  3900
  3897
  3904
  3900
  3900
  3901
  3900
  3900
  3900
  3900
  3900
  3900
  3900
  3900
  3900
  3900
  3900
  3900
  3901
  3900
  3901
  3901
  3900
  3900
  3901
  3900
  3900
  3900
  3899
  3901
  3900
  3900
  3900
  3900
  3900
  3900
  3900
  3900
  3900
  3900
  3900
  3900
  3900
  3900
  3901
  3900
  3900
  3900
  3900
  3900
  3900
  3900
  3900
  3900
  3900
  3900
  3901
  3901
  3897
  3900
  3900
  3900
  3900
  3903
  3904
  3900
  3900
  3900
  3900
  3900
  3903
  3900
  3900
  3900
  3900
  3901
  3900
  3900
  3900
  3903
  3904
  3900
  3900
  3900
  3900
  3903
  3903
  3900
  3900
  3900
  3900
  3903
  3896
  3900
  3900
  3900
  3900
  3899
  3900
  3900
  3900
  3900
  3900
  3900
  3900
  3900
  3900
  3900
  3900
  3900
  3900
  3900
  3900
  3905
  3901
  3904
  3900
  3900
  3900
  3900
  3900
  3901
  3900
  3900
  3900
  3900
  3900
  3903
  3900
  3900
  3900
  3827
  3687
  3448
  3611
  3900
  3353
  3431
  3117
  2917
  2816
  2631
  2086
  2460
  2891
  2621
  2486
  2444
  2240
  2279
  2109
  1893
  1564
  1849
  1816
  1955
  1863
  1793
  1641
  1538
  1260
  1284
  1108
  1321
  1413
  1200
  1218
  1141
  1030
   883
   664
   915
   988
   854
   793
   863
   892
   868
   784
   543
   524
   571
   521
   619
   681
   776
   607
   738
   610
   670
   564
   550
   490
   429
   564
   551
   595
   393
   590
   489
   455
   399
   335
   503
   463
   429
   361
   352
   212
   221
   182
    66
   217
   101
    40
   151
   146
   170
    20
     0
     0
     0
     0
     0
     0
     0
     0
     0
     0
     0
     0
     0
     0
     0
     0
     0
     0
     0
     0
     0
     0
     0
     0
     0
     0
     0
     0
     0
     0
     0
     0
     0
     0
     0
     0
     0
     0
     0
     0
     0
     0
     0
    81
     0
    13
     0
     0
     0
     0
     0
    31
   185
   172
   140
   146
    58
    20
    16
     0
     0
     0
     4
    21
   179
   134
   253
   231
     1
     0
     0
     0
     0
     0
     0
     0
    66
   120
    87
    36
     0
     0
     0
     0
     0
     0
     0
     0
     0
     0
     0
     0
     0
     0
     0
     0
     0
     0
     0
     0
     0
     0
     0
     0
     0
     1
     0
     0
     0
    13
     0
     0
    40
   151
   125
   217
   358
   289
   455
   494
   146
   580
   265
   295
   523
   653
   636
   664
   703
   476
   664
   768
   567
   602
   710
   592
   746
   871
   836
   936
   853
   578
   536
  3900
   536
   510
   487
   655
   850
   614
   694
   677
   421
   133
   332
   244
   108
   207
   295
   120
   335
   419
   452
   458
   384
   346
    92
   247
   136
    29
    36
   200
   439
   406
   398
   511
   134
   156
   415
   454
   358
   415
   312
   363
   572
   768
   723
   760
   763
   692
   645
   660
   615
   625
   697
   738
   896
   926
   966
   976
   914
   840
   851
   827
   785
   744
   768
   779
   857
   862
   933
   883
   822
   664
   712
   749
   542
   467
   606
   595
   517
   430
   586
   720
   500
   412
   476
   435
   217
   113
   257
   211
   165
    39
   250
   272
   461
  3897
   266
   445
   207
     0
     0
    44
   125
    25
   164
   218
   114
   170
   207
   335
   250
    65
     0
     0
     0
     0
     0
     0
   286
   456
   478
   425
   244
   110
    40
     0
     0
     0
     0
    47
   415
   542
   550
   398
    39
     0
     0
     0
     0
     0
   125
   480
   445
  3895
   601
   150
     0
    13
     0
     0
     0
     0
     0
   250
   220
  3900
   372
   146
     0
     0
     0
     0
     0
     0
     0
    70
     0
     0
   125
     0
     0
     0
     0
     0
     0
     0
     0
     0
     0
     0
     0
     0
     0
     0
     0
     0
     0
     0
     0
     0
     0
     0
     0
     0
     0
     0
     0
     0
     0
     0
     0
     0
     0
     0
     0
     0
     0
     0
     0
     0
     0
     0
     0
   348
     0
     0
     0
     0
    25
     0
     0
    51
     0
     0
     0
     0
     0
     0
     0
   120
   117
    51
    60
   463
     0
     0
     0
     0
     0
     0
     0
     0
    31
     0
     0
   135
   150
     0
     0
     0
     0
     0
     0
     0
     0
     0
     0
     0
    40
     0
     0
    39
     0
     0
     0
     0
     0
     0
     0
     0
     0
     0
     0
     0
     0
     0
     0
     0
    20
     0
     0
     0
     0
     0
     0
     0
     0
     0
     0
     0
     0
     0
     0
     0
     0
     0
     0
     0
     0
     0
     0
     0
     0
     0
     0
     0
     0
     0
     0
     0
     0
     0
     0
     0
     0
     0
     0
     0
     0
     0
     0
     0
     0
     0
     0
     0
     0
     0
     0
     0
     0
     0
     0
     0
     0
     0
     0
     0
     0
     0
     0
     0
     0
     0
     0
     0
     0
     0
     0
     0
     0
     0
     0
     0
     0
     0
     0
     0
     0
     0
     0
     0
     0
     0
     0
     0
     0
     0
     0
     0
     0
     0
     0
     0
     0
     0
     0
     0
     0
     0
     0
     0
     0
     0
     0
     0
     0
     0
     0
     0
     0
     0
     0
     0
     0
     0
     0
     0
     0
     0
     0
     0
     0
     0
     0
     0
     0
     0
     0
     0
     0
     0
     0
     0
     0
     0
     0
     0
     0
     0
     0
     0
     0
     0
     0
     0
     0
     0
     0
     0
     0
     0
     0
     0
     0
     0
     0
     0
     0
     0
     0
     0
     0
     0
     0
     0
     0
     0
