 1024  130    0

   519
   487
   485
   549
   562
   681
   646
   646
   498
   447
   767
   764
   946
   490
   602
   621
  1084
   614
   822
   718
  1035
   788
   918
  1030
  1130
   732
  1105
  1102
  1190
  1035
  1599
  1030
  1274
  1243
  1321
  1599
  1618
  1243
  1538
  1891
  1925
  1551
  1862
  1882
  2210
  3897
  2111
  2179
  2670
  2616
  2708
  2696
  2687
  3245
  3111
  2454
  3068
  3055
  3489
  2824
  3379
  1963
  3899
  3769
  3726
  3575
  3628
  3900
  3900
  3520
  3900
  3901
  3901
  3900
  3900
  3900
  3905
  3900
  3900
  3900
  3900
  3904
  3901
  3900
  3900
  3900
  3900
  3901
  3900
  3903
  3900
  3900
  3900
  3897
  3900
  3900
  3901
  3900
  3900
  3900
  3900
  3900
  3900
  3901
  3901
  3900
  3900
  3900
  3900
  3901
  3900
  3905
  3900
  3900
  3900
  3901
  3904
  3900
  3900
  3900
  3900
  3900
  3900
  3899
  3900
  3900
  3900
  3900
  3900
  3901
  3900
  3900
  3900
  3900
  3900
  3900
  3901
  3900
  3900
  3900
  3901
  3900
  3901
  3901
  3900
  3905
  3900
  3900
  3900
  3900
  3900
  3900
  3900
  3900
  3900
  3900
  3900
  3901
  3903
  3900
  3903
  3900
  3905
  3903
  3900
  3900
  3900
  3905
  3905
  3900
  3900
  3900
  3900
  3901
  3905
  3900
  3900
  3900
  3900
  3900
  3900
  3900
  3900
  3901
  3900
  3904
  3900
  3900
  3900
  3900
  3900
  3905
  3900
  3901
  3900
  3901
  3903
  3900
  3900
  3900
  3900
  3900
  3900
  3905
  3900
  3900
  3900
  3901
  3901
  3900
  3900
  3900
  3900
  3899
  3897
  3900
  3900
  3900
  3900
  3900
  3900
  3901
  3901
  3900
  3901
  3897
  3900
  3900
  3900
  3903
  3900
  3900
  3900
  3900
  3900
  3900
  3900
  3897
  3900
  3900
  3900
  3900
  3900
  3900
  3904
  3900
  3900
  3900
  3900
  3900
  3903
  3900
  3900
  3903
  3900
  3900
  3900
  3900
  3900
  3903
  3901
  3900
  3900
  3900
  3900
  3900
  3901
  3900
  3900
  3901
  3900
  3905
  3900
  3900
  3901
  3905
  3900
  3900
  3900
  3900
  3900
  3900
  3900
  3900
  3900
  3900
  3901
  3900
  3905
  3900
  3900
  3900
  3900
  3903
  3899
  3900
  3900
  3900
  3901
  3897
  3901
  3900
  3900
  3900
  3900
  3901
  3901
  3900
  3900
  3900
  3904
  3797
  3633
  3557
  3900
  3128
  3670
  3242
  3900
  3565
  3900
  3831
  3882
  3687
  3459
  2755
  3234
  3138
  3431
  3390
  3406
  3804
  3701
  2941
  3097
  2934
  3093
  2980
  3055
  2968
  3253
  3110
  2765
  2400
  2408
  2267
  2393
  2408
  2479
  2809
  2707
  2276
  2223
  2037
  2057
  1976
  1882
  1786
  1799
  2060
  2006
  1678
  1652
  1394
  1633
  1477
  1331
  1091
  1310
  1279
  1351
  1268
  1274
  1076
  1118
   790
   758
   629
   924
   857
   758
   758
   624
   545
   464
   333
   595
   603
   396
   335
   471
   487
   417
   324
   286
   374
   274
   265
   393
   356
   373
   369
   231
   170
   324
   576
   266
   248
   198
   289
   260
   194
   170
   253
   226
   186
   134
   136
   269
   217
   151
   112
   108
    31
    22
     0
     0
     0
     0
     0
    12
     0
     0
     0
     0
     0
     0
     0
     0
     0
     0
     0
     0
     0
     0
     0
     0
     0
     0
     0
     0
     0
     0
     0
     0
     0
     0
     0
     0
     0
     0
     0
     0
     0
     0
     0
     0
     0
     0
     0
     0
     0
     0
     0
     0
     0
     0
     0
     0
     0
     0
     0
     0
     0
     0
     0
     0
     0
     0
     0
     0
     0
     0
     0
     0
     0
     0
     0
     0
     0
    20
    16
     0
     0
     0
     0
     0
     0
     0
     0
     0
     0
     0
     0
     0
     0
     0
     0
     0
     0
     0
     0
     0
     0
     0
     0
     0
     0
     0
     0
     0
     0
     0
     0
     0
     0
     0
     0
     0
     0
     0
     0
     0
     0
     0
     0
     0
     0
     0
     0
    81
    57
    51
     0
     0
    40
     6
    36
   198
   304
   302
   325
   328
   200
   242
   247
   199
   229
   300
   312
   411
   461
   458
   489
   370
   226
   207
   355
   200
   316
   312
   200
   378
   324
   300
   300
   125
     6
     9
     4
     0
    62
    57
    55
   135
    70
   169
   146
     9
     0
     0
     0
     0
     0
    21
    66
    52
    92
   150
    68
    36
    36
    22
     0
     0
    43
    38
    99
   247
   386
   291
   322
   302
   261
   220
   255
   195
   278
   291
   300
   402
   407
   476
   602
   481
   402
   398
   369
   359
   332
   363
   432
   484
   415
   402
   473
   415
    40
   369
   328
   224
   136
   217
   233
   217
   316
   239
   239
   170
    78
   150
   143
    10
     0
     0
     0
     0
     0
    36
    20
     0
     0
     0
     9
     0
     0
     0
     0
     0
     0
     0
     0
     0
     0
     0
     0
     0
     0
     0
     0
     0
     0
     0
     0
    73
    91
   108
   229
    14
     0
     0
     0
     0
     0
     0
     0
   152
   196
   214
   179
     0
  3900
     0
     0
     0
     0
     0
    61
   129
    78
   207
    39
     0
     0
     0
     0
     0
     0
     0
     0
     0
     0
    39
     0
     0
     0
     0
     0
     0
     0
     0
     0
     0
     0
     0
     0
     0
     0
     0
     0
     0
     0
     0
     0
     0
     0
     0
     0
     0
     0
     0
     0
     0
     0
     0
     0
     0
     0
     0
     0
     0
     0
     0
     0
     0
     0
     0
     0
     0
     0
     0
     0
     0
     0
     0
     0
     0
     0
     0
     0
     0
     0
     0
     0
     0
     0
     0
     0
     0
     0
     0
     0
     0
     0
     0
     0
     0
     0
     0
     0
     0
     0
     0
     0
     0
     0
     0
     0
     0
     0
     0
     0
     0
     0
     0
     0
     0
     0
     0
     0
     0
     0
     0
     0
     0
     0
     0
     0
     0
     0
     0
     0
     0
     0
     0
     0
     0
     0
     0
     0
     0
     0
     0
     0
     0
     0
     0
     0
     0
     0
     0
     0
     0
     0
     0
     0
     0
     0
     0
     0
     0
     0
     0
     0
     0
     0
     0
     0
     0
     0
     0
     0
     0
     0
     0
     0
     0
     0
     0
     0
     0
     0
     0
     0
     0
     0
     0
     0
     0
     0
     0
     0
     0
     0
     0
     0
     0
     0
     0
     0
     0
     0
     0
     0
     0
     0
     0
     0
     0
     0
     0
     0
     0
     0
     0
     0
     0
     0
     0
     0
     0
     0
     0
     0
     0
     0
     0
     0
     0
     0
     0
     0
     0
     0
     0
     0
     0
     0
     0
     0
     0
     0
     0
     0
     0
     0
     0
     0
     0
     0
     0
     0
     0
     0
     0
     0
     0
     0
     0
     0
     0
     0
     0
     0
     0
     0
     0
     0
     0
     0
     0
     0
     0
     0
     0
     0
     0
     0
     0
     0
     0
     0
     0
     0
     0
     0
     0
     0
     0
     0
     0
     0
     0
     0
     0
     0
     0
     0
     0
     0
     0
     0
     0
     0
     0
     0
     0
     0
     0
     0
     0
     0
     0
     0
