 1024  130    0

   598
   614
   589
   656
   633
   833
   720
   794
   644
   572
   853
   975
  1074
   458
   736
  1976
  1145
   738
   961
  1066
  1072
  1180
  1096
  1243
  1394
  1570
  1252
  1210
  1361
  1481
  1706
  2007
  1551
  1538
  1560
  1923
  1940
  1555
  1871
  2313
  2226
  1876
  2336
  2297
  2743
  2197
  2690
  2756
  3373
  3240
  3048
  2724
  3126
  3702
  3487
  3458
  3450
  3349
  3900
  3312
  3817
  3901
  3900
  3900
  3900
  3900
  3900
  3900
  3900
  3900
  3900
  3900
  3901
  3900
  3900
  3900
  3903
  3899
  3900
  3901
  3900
  3900
  3901
  3900
  3900
  3900
  3900
  3900
  3900
  3903
  3900
  3900
  3900
  3900
  3901
  3900
  3900
  3900
  3900
  3900
  3900
  3905
  3903
  3900
  3900
  3900
  3899
  3900
  3901
  3901
  3900
  3899
  3900
  3900
  3900
  3901
  3900
  3900
  3900
  3900
  3900
  3900
  3900
  3903
  3900
  3900
  3900
  3900
  3900
  3900
  3900
  3900
  3900
  3900
  3903
  3905
  3901
  3900
  3900
  3900
  3900
  3900
  3903
  3900
  3900
  3900
  3899
  3901
  3900
  3900
  3900
  3900
  3899
  3900
  3903
  3900
  3900
  3900
  3900
  3900
  3900
  3900
  3900
  3900
  3900
  3900
  3900
  3900
  3901
  3900
  3903
  3900
  3901
  3900
  3900
  3905
  3901
  3900
  3900
  3900
  3901
  3901
  3899
  3900
  3900
  3900
  3897
  3900
  3901
  3900
  3900
  3900
  3900
  3900
  3900
  3900
  3900
  3900
  3900
  3899
  3900
  3900
  3900
  3900
  3900
  3900
  3900
  3900
  3900
  3900
  3900
  3900
  3900
  3901
  3900
  3904
  3900
  3900
  3900
  3900
  3900
  3900
  3900
  3900
  3900
  3900
  3900
  3900
  3901
  3900
  3900
  3900
  3900
  3899
  3900
  3900
  3901
  3900
  3900
  3900
  3900
  3900
  3900
  3900
  3903
  3901
  3901
  3900
  3900
  3905
  3900
  3900
  3901
  3900
  3900
  3900
  3900
  3900
  3900
  3900
  3900
  3899
  3901
  3900
  3900
  3900
  3900
  3904
  3900
  3900
  3900
  3900
  3900
  3899
  3900
  3900
  3900
  3900
  3900
  3905
  3900
  3900
  3900
  3900
  3899
  3900
  3903
  3900
  3900
  3900
  3900
  3904
  3900
  3900
  3900
  3900
  3901
  3901
  3900
  3900
  3900
  3900
  3905
  3901
  3900
  3900
  3900
  3900
  3901
  3899
  3900
  3900
  3901
  3903
  3900
  3900
  3900
  3900
  3900
  3899
  3900
  3900
  3900
  3900
  3900
  3900
  3900
  3900
  3900
  3901
  3901
  3904
  3900
  3900
  3900
  3897
  3900
  3900
  3900
  3900
  3900
  3900
  3897
  3717
  3485
  3263
  3484
  3503
  3463
  3670
  3476
  3249
  2985
  2796
  2837
  2636
  2483
  2076
  2458
  2730
  2542
  2512
  2311
  2223
  2241
  2042
  1839
  1716
  1950
  1570
  1872
  1820
  1911
  1750
  1544
  1205
  1299
  1187
  1357
  1343
  1231
  1294
  1236
  1061
   927
  1056
  1065
  1007
   800
   625
   732
   836
   827
   720
   489
   880
   499
   452
   533
   566
   679
   621
   543
   467
   568
   510
   406
   337
   341
   455
   452
   425
   377
   452
   402
   369
   318
   309
   465
   411
   447
   334
   363
   230
   147
  3899
    99
   221
   107
   105
   244
   169
   198
   147
     1
     0
     0
     0
     0
     0
     0
     0
     0
     0
     0
     0
     0
     0
     0
     0
     0
     0
     0
     0
     0
     0
     0
     0
     0
     0
     0
     0
     0
  3897
     0
     0
     0
     0
     0
     0
     0
     0
     0
     0
     0
     0
     0
     0
     0
     0
     0
     0
     0
     0
     0
     0
     0
     0
     3
     0
     0
     0
     0
     0
     0
     0
     0
     0
    87
    74
   122
   143
   112
     0
     0
     0
     0
     0
     0
     0
    40
    62
    69
    16
     0
     0
     0
     0
     0
     0
     0
     0
     0
     0
     0
     0
     0
     0
     0
     0
     0
     0
     0
     0
     0
     0
     0
     0
     0
     0
     0
     0
     0
     0
     0
     0
     0
     0
     0
    18
   138
   101
    87
    82
     0
    95
    87
    25
   226
   536
   461
   342
   459
   395
   395
   341
   411
   382
   478
   478
   651
   650
   611
   737
   502
   387
   385
   372
   484
   664
   677
   458
   467
   369
   434
   384
   361
   322
   146
    82
   250
   299
   250
   377
   360
   250
   329
   322
    25
    95
     0
     0
     0
    82
   120
   140
   135
   156
   190
   170
    82
    51
    40
     0
    51
    82
    99
   185
   321
   489
   411
   411
   337
   352
   325
   316
   313
   377
   364
   480
   582
  3900
   660
   659
   562
   538
   524
   554
   537
   562
   566
   604
   664
   675
   675
   655
   602
   510
   562
   473
   408
   395
   382
   359
   399
   468
   461
   439
   333
   191
   264
   286
   101
    27
    74
    81
    43
    18
    82
   146
    79
     0
    29
    55
     0
     0
     0
     0
     0
     0
     0
     0
     0
     0
     0
     1
     0
     0
     0
     0
     0
     0
     0
    25
   155
   198
   198
   195
     0
     0
     0
     0
     0
     0
     0
     0
   229
  3900
   256
   355
    34
     0
     0
     0
     0
     0
     0
    31
   185
   191
   200
    84
     0
     0
     0
     0
     0
     0
     0
    27
    82
     9
    62
     0
     0
     0
     0
     0
     0
     0
     0
     0
     0
     0
     0
  3897
     0
     0
     0
     0
     0
     0
     0
     0
     0
     0
     0
     0
     0
     0
     0
     0
     0
     0
     0
     0
     0
     0
     0
     0
     0
     0
     0
     0
     0
     0
     0
     0
     0
     0
     0
     0
     0
     0
     0
     0
     0
     0
     0
     0
     0
     0
     0
     0
     0
     0
     0
     0
     0
     0
     0
     0
     0
     0
     0
    84
     0
     0
     0
     0
     0
     0
     0
     0
     0
     0
     0
     0
     0
     0
     0
     0
     0
     0
     0
     0
     0
     0
     0
     0
     0
     0
     0
     0
     0
     0
     0
     0
     0
     0
     0
     0
     0
     0
     0
     0
     0
     0
     0
     0
     0
     0
     0
     0
     0
     0
     0
     0
     0
     0
     0
     0
     0
     0
     0
     0
     0
     0
     0
     0
     0
     0
     0
     0
     0
     0
     0
     0
     0
     0
     0
     0
     0
     0
     0
     0
     0
     0
     0
     0
     0
     0
     0
     0
     0
     0
     0
     0
     0
     0
     0
     0
     0
     0
     0
     0
     0
     0
     0
     0
     0
     0
     0
     0
     0
     0
     0
     0
     0
     0
     0
     0
     0
     0
     0
     0
     0
     0
     0
     0
     0
     0
     0
     0
     0
     0
     0
     0
     0
     0
     0
     0
     0
     0
     0
     0
     0
     0
     0
     0
     0
     0
     0
     0
     0
     0
     0
     0
     0
     0
     0
     0
     0
     0
     0
     0
     0
     0
     0
     0
     0
     0
     0
     0
     0
     0
     0
     0
     0
     0
     0
     0
     0
     0
     0
     0
     0
     0
     0
     0
     0
     0
     0
     0
     0
     0
     0
     0
     0
     0
     0
     0
     0
     0
     0
     0
     0
     0
     0
     0
     0
     0
     0
     0
     0
     0
     0
     0
     0
     0
     0
     0
     0
     0
