 1024  130    0

  3448
  3531
  3442
  3873
  3514
  3390
  3614
  3873
  3337
  2622
  3095
  2672
  3270
  3134
  3110
  2345
  3557
  2588
  2818
  2757
  2534
  2288
  2622
  2644
  2605
  2547
  2943
  2313
  2402
  2038
  2138
  1690
  1800
  1537
  1817
  2288
  2304
  2142
  1969
  1689
  1641
  1039
  1065
  1069
  1362
  1238
  1591
  1335
  1777
  1326
  1301
   940
   628
   675
   675
   640
  1048
  1023
  1453
  1231
  1195
   848
   780
   309
   278
   269
   458
   868
  1108
  1238
  1299
  1160
  1017
   562
   337
   152
   205
   374
   771
  1154
  1335
  1474
  1394
  1160
   810
   675
   508
   460
   675
   981
  1284
  1576
  1626
  1620
  1538
  1321
  1157
   972
  1039
  1271
  1509
  2001
  1881
  1953
  1942
  1876
  1767
  1673
  1758
  1786
  1916
  2053
  2153
  2252
  2319
  2330
  2293
  2349
  2318
  2252
  2297
  2392
  2456
  2527
  2583
  2610
  2699
  2726
  2682
  2684
  2660
  2791
  2753
  2753
  2742
  2854
  2865
  2892
  2929
  2982
  3150
  3873
  3051
  2932
  3115
  3028
  3008
  3013
  3077
  3098
  3294
  3117
  3266
  3380
  3286
  3184
  3077
  2880
  3315
  3167
  3381
  3409
  3701
  3873
  3545
  3450
  3281
  3212
  3481
  3416
  3411
  3435
  3671
  3389
  3623
  3532
  3741
  3620
  3524
  3121
  3340
  3340
  3602
  3233
  3558
  3873
  3797
  3307
  3461
  2994
  3658
  3493
  3394
  2985
  3618
  3203
  3474
  3354
  3245
  3124
  3411
  2597
  3223
  3873
  3349
  3260
  3188
  3036
  3364
  3159
  3098
  3077
  2860
  2912
  3036
  2894
  2788
  2643
  2941
  2765
  2630
  3873
  2808
  2787
  2590
  2131
  2792
  3873
  2454
  1984
  2153
  3873
  2248
  2214
  2136
  2428
  2278
  2106
  2046
  1576
  2146
  1942
  1850
  1683
  1652
  1520
  1741
  1576
  1426
  3870
  1607
  1196
  1326
   923
  1460
  1326
  1180
   783
  1274
  1161
  1072
  3871
   889
  1321
   967
   879
   801
   926
   829
   725
   650
   621
   746
   663
   621
   586
   708
   621
   545
   478
   415
   508
   497
   460
   452
   434
   499
   490
   491
   420
   487
   452
   411
   424
   422
   497
   537
   538
   580
   590
   582
   546
   589
   547
   614
   597
   688
   686
   771
   793
   768
   815
   796
   862
   879
   900
   940
   988
  1056
  1101
  1144
  1123
  1196
  1201
  1217
  1222
  1226
  1353
  1460
  1327
  1407
  1456
  1453
  1477
  1496
  1468
  1540
  1465
  1573
  1508
  1651
  1592
  1633
  1596
  1560
  1707
  1698
  1734
  1637
  1748
  1752
  1719
  1698
  1618
  1737
  1726
  1703
  1665
  1676
  1726
  1706
  1673
  1603
  1734
  1695
  1654
  1600
  1534
  1673
  1642
  1581
  1507
  1632
  1570
  1535
  1502
  1424
  1548
  1477
  1410
  1353
  1505
  1473
  1382
  1271
  1039
  1427
  1299
  1248
  1407
  1061
  3871
  1127
  1113
  1054
  1144
  1091
  1000
   920
   681
   978
   924
   881
   789
   941
   820
   757
   682
   633
   763
   702
   628
   590
   681
   589
   486
   485
   411
   559
   452
   408
   411
   486
   421
   300
  3870
   265
   351
   313
   244
   220
    60
   244
   207
   155
   110
   209
   164
   129
    82
    51
    92
    81
    38
     0
    52
    32
    20
     0
     0
     4
     0
     0
     0
     0
     0
     0
     0
     0
     0
     0
     0
     0
     0
     0
     0
     0
     0
     1
     0
     0
    14
     6
    51
    46
    64
    68
   105
    88
   135
   172
   187
   225
   250
   244
   268
   300
   294
   259
   365
   360
   441
   528
  1218
   528
   542
   528
   547
   586
   627
   697
   716
   728
   750
   738
   785
   783
   794
   809
   903
   913
   927
   957
   806
   935
   975
   978
   958
  1072
  1053
  1061
  1057
  1018
  1063
  1046
   961
  1039
  1161
  1132
  1156
  1101
  1121
  1236
  1169
  1108
  1123
  1238
  1257
  1218
  1257
  1201
  1297
  1184
  1136
  1124
  1098
  1230
  1257
  1238
  1222
  1280
  1193
  1112
  1000
   971
  1132
  1148
  1009
  1154
  1240
  1184
  1071
   910
  1409
   998
   981
  1005
  1002
  1132
  1119
  1030
   966
   848
   755
   887
   837
   815
   822
   910
   936
   896
   800
   894
   763
   716
   598
   612
   774
   729
   694
   715
   716
   597
   517
   467
   425
   524
   494
   455
   437
   519
   455
   411
   281
   268
   344
   315
   257
   239
   355
   255
   250
   257
   186
   268
   165
   153
   110
    84
   147
   120
    88
    62
   105
    70
     1
     0
     0
    31
     0
     0
     0
     0
     0
     0
     0
     0
     0
     0
     0
     0
     0
     0
     0
     0
     0
     0
     0
     0
     0
     0
     0
     0
     0
     0
     0
     0
     0
     0
     0
     0
     0
     0
     0
     0
     0
     0
     0
     0
     0
     0
     0
     0
     8
     4
    10
    39
    40
    61
    62
    46
    21
    51
    88
   104
   109
    82
   183
   211
   176
   143
   138
   165
   194
   203
   234
   255
   292
   270
   281
   240
   304
   311
   289
   322
   358
   395
   367
   334
   343
   406
   419
   378
   274
   415
   413
   386
   411
   403
   439
   439
   455
   467
   480
   469
   435
   428
   396
   464
   465
   416
   421
   420
   520
   491
   439
   393
   445
   396
   426
   380
   312
   478
   454
   425
   581
   432
   412
   342
   307
   338
   378
   402
   363
   322
   406
   352
   313
   278
   198
   302
   281
   269
   242
   224
   269
   204
   192
   135
   170
   134
    95
   147
   114
   203
   156
    99
    60
   107
    60
    16
    13
    16
   108
   101
    47
     5
    42
     0
     0
     0
     0
     0
     0
     0
     0
     0
     0
     0
     0
     0
     0
     0
     0
     0
     0
     0
     0
     0
     0
     0
     0
     0
     0
     0
     0
     0
     0
     0
     0
     0
     0
     0
     0
     0
     0
     0
     0
     0
     0
     0
     0
     0
     0
     0
     0
     0
     0
     0
     0
     0
     0
     0
     0
     0
     0
     0
     0
     0
     0
     0
     0
     0
     0
     0
     0
     0
     0
     0
     0
     0
     0
     0
     0
     0
     0
     0
     0
     0
     0
     0
     0
     0
     0
     0
     0
     0
     0
     0
     0
     0
     0
     0
     0
     0
     0
     0
     0
     0
     0
     0
     0
     0
     0
     0
     0
     0
     0
     0
     0
     0
     0
     0
     0
     0
     0
     0
     0
     0
     0
     0
     0
     0
     0
     0
     0
     0
     0
     0
     0
     0
     0
     0
     0
     0
     0
     0
     0
     0
     0
     0
     0
     0
     0
     0
     0
     0
     0
     0
     0
     0
     0
     0
     0
     0
     0
     0
     0
     0
     0
     0
     0
     0
     0
     0
     0
     0
     0
     0
     0
     0
     0
     0
     0
     0
     0
    30
    18
    36
    25
   117
   129
   126
   129
   255
   250
   270
   253
   274
   387
   386
   402
   396
   550
   523
   536
   546
   549
   680
   692
   705
   692
   664
   835
   851
   701
   822
   919
   961
   918
   888
   903
   993
   981
   998
   971
   975
   983
   993
   985
   993
   963
   979
   957
   996
   872
   857
   874
   851
   883
   738
   764
   768
   770
